# Created by Octave 7.3.0, Wed Mar 22 16:05:41 2023 CET <parmar@uchp-parmar.icpf.cas.cz>
# name: intv
# type: scalar struct
# ndims: 2
 1 1
# length: 6
# name: inf
# type: matrix
# rows: 1
# columns: 5
 0.30604333298752018 0.43461411051904103 0.44925042570070967 0.46443822401632889 0.65946852369595288


# name: fin
# type: matrix
# rows: 1
# columns: 5
 -0.12156324272580343 -0.0072649603241246863 0.0043991549734714308 0.016254497739545876 0.14987007071575148


# name: EL
# type: scalar struct
# ndims: 2
 1 1
# length: 5
# name: ddf
# type: matrix
# rows: 1
# columns: 5
 1.5650375924935622 1.6747746699715154 1.6566296045542463 1.6335393282291739 1.1761653094368296


# name: ddi
# type: matrix
# rows: 1
# columns: 5
 0.47171439877393556 0.58607279934187739 0.58705386278213489 0.58606785414598683 0.47346497639162449


# name: pdf
# type: matrix
# rows: 1
# columns: 5
 0.28688011465389568 0.47719079708334061 0.49662432595407091 0.51613180474854459 0.70659151427873823


# name: Ptolerance
# type: scalar
0.038941007665203975


# name: Ptypical
# type: scalar
0.41971139962484255




# name: LB
# type: scalar
-0.55141128336099776


# name: UB
# type: scalar
7.9403922961877011


# name: robmed
# type: scalar
0.0059095956565297647




