# Created by Octave 7.3.0, Wed Mar 22 15:56:11 2023 CET <parmar@uchp-parmar.icpf.cas.cz>
# name: intv
# type: scalar struct
# ndims: 2
 1 1
# length: 6
# name: inf
# type: matrix
# rows: 1
# columns: 5
 3.7632440749860723 12.180053136898334 14.017694967194533 16.249957930790778 52.214463977874772


# name: fin
# type: matrix
# rows: 1
# columns: 5
 -1.5245424813049424 -0.11748473562621387 -0.017829477705726404 0.075070193751006098 0.50314612314861584


# name: EL
# type: scalar struct
# ndims: 2
 1 1
# length: 5
# name: ddf
# type: matrix
# rows: 1
# columns: 5
 0.078375524064459287 0.21669892982001013 0.24388370740005952 0.27576336418243963 0.69218010151568954


# name: ddi
# type: matrix
# rows: 1
# columns: 5
 0.1350128117675562 0.16273780155890014 0.16307114339304779 0.16271494218180274 0.14114378599326866


# name: pdf
# type: matrix
# rows: 1
# columns: 5
 0.27495130972329096 0.4537660478904107 0.47666538022300636 0.50074474459197815 0.68067267895657335


# name: Ptolerance
# type: scalar
0.046978696701567457


# name: Ptypical
# type: scalar
0.40572136923328239




# name: LB
# type: scalar
-57.46200830447038


# name: UB
# type: scalar
0.71232096277767543


# name: robmed
# type: scalar
0.056579892035861334




