# Created by Octave 7.3.0, Wed Mar 22 16:04:21 2023 CET <parmar@uchp-parmar.icpf.cas.cz>
# name: LegReg_result
# type: scalar struct
# ndims: 2
 1 1
# length: 17
# name: coef
# type: matrix
# rows: 6
# columns: 1
 148.95004944679684
 148.95004944679692
 0.16711021307893242
 -9.6955211884816368
 -0.67644305718293862
 -2.2068344335982153


# name: w
# type: matrix
# rows: 19
# columns: 1
 0.87393821091322876
 0.90506108500866511
 0.67646486428648245
 0.99220719778344524
 0.87586493229240836
 0.91361765465714373
 0.60906304647200238
 0.9630612471046216
 0.963689671305336
 0.95765988399422697
 0.7141653738603827
 0.93598662686143019
 1
 0.99899477133043324
 0.025929042453384121
 0.44646338458236645
 0.99592909043703648
 0.28860175953882977
 5.126939950085844e-05


# name: wx
# type: matrix
# rows: 19
# columns: 1
 1
 1
 1
 1
 1
 1
 1
 1
 1
 1
 1
 1
 1
 1
 1
 1
 1
 1
 1


# name: fitY
# type: matrix
# rows: 19
# columns: 1
 285.48841042740992
 291.49659925152554
 296.29550532452475
 298.82713227506912
 300.48923791836557
 301.40910491314094
 301.87893968284828
 301.95953916568078
 301.75889218032819
 301.3635207963672
 300.78066604625741
 299.92203381441385
 298.70033143290146
 297.49095419216798
 295.54126359224034
 293.4115815159052
 291.18307952515107
 288.57613199773726
 286.50707611561791


# name: resid
# type: matrix
# rows: 19
# columns: 1
 0.11158957259010549
 -0.096599251525560703
 -0.19550532452473135
 -0.027132275069106981
 0.1107620816344479
 0.090895086859063667
 0.22106031715173913
 -0.059539165680803308
 -0.058892180328200538
 -0.063520796367185994
 -0.18066604625738591
 0.077966185586149095
 -0.00033143290147563675
 0.009045807832023911
 0.75873640775967033
 0.28841848409479098
 0.016920474848916456
 -0.37613199773727501
 -1.7070761156178946


# name: int
# type: scalar
1


# name: convi
# type: scalar
0.0026804615722401254


# name: Nmet
# type: scalar
1


# name: iter
# type: scalar
19


# name: method
# type: string
# elements: 1
# length: 10
wt_gnostic


# name: stdev
# type: scalar
0.54735205520938346


# name: wstdev
# type: scalar
0.13214340436738767


# name: sigma
# type: scalar
0.011947601638496744


# name: wdelta
# type: scalar
0.033702926774521677


# name: robsens
# type: scalar struct
# ndims: 2
 1 1
# length: 5
# name: mat
# type: matrix
# rows: 19
# columns: 6
 0.45578830437314632 0.45578830437314649 0.00051135854567062539 -0.029668369892622334 -0.0020699209915235705 -0.0067529304505620788
 0.46262489143586916 0.46262489143586943 0.00045239139753897929 -0.019259318328160094 -0.00073114909263736095 -0.00035059361951037514
 0.34028866931608331 0.34028866931608348 0.00027488978097914621 -0.0061501909018742158 0.00022688732960311289 0.001982587479453928
 0.49460947513825937 0.49460947513825965 0.00033055293446759192 -0.0010386182202050461 0.00082008526517612229 0.0029663240422660542
 0.43399908507541446 0.43399908507541474 0.00022661307249533216 0.0049463914108465335 0.0008792252554773504 0.0014918024522232605
 0.45135454340513476 0.45135454340513492 0.00017148088534913239 0.0096361683393794036 0.00084220163586234346 -1.6717030552840293e-05
 0.30029781823310653 0.30029781823310664 6.7018604908280382e-05 0.0086133503674766191 0.00038008901893388166 -0.0010387271322309201
 0.47515077965063668 0.47515077965063701 2.3077441806728032e-05 0.015377415993109158 0.00013968460632515276 -0.0025905602506386262
 0.47577601654722301 0.47577601654722329 -4.9167082130157092e-05 0.015090575804949505 -0.00029431264838952932 -0.0024213445526254499
 0.47342677422553542 0.4734267742255357 -0.00011539833472988557 0.013226307652653554 -0.00064555544643039582 -0.0014571221501754547
 0.35387547488254872 0.35387547488254895 -0.00013187609019763667 0.0077050809752711802 -0.00065348393313827895 -7.6070527743712292e-05
 0.46471751450850207 0.46471751450850224 -0.00023210567061467377 0.0061323156052771905 -0.00094380258642574844 0.0013519394726688823
 0.49866102928288197 0.49866102928288225 -0.00031077666863087893 0.0012054298106730513 -0.00091652202172921968 0.0027009198984609337
 0.50016914482944386 0.50016914482944408 -0.00035682048548641983 -0.0034674145488998117 -0.00070653179247221354 0.0031568729867175989
 0.013034533093282683 0.013034533093282692 -1.0734578573417518e-05 -0.00026153439967772219 -6.6446012107562198e-06 7.2493259956884535e-05
 0.22642404906274349 0.22642404906274363 -0.00020736927641288236 -0.0073628096742773411 0.00013929022337382909 0.00060774041203000252
 0.50942200297424445 0.50942200297424478 -0.00050632357237212207 -0.022457173170584953 0.00094704691059866732 -0.00095633516098324583
 0.14915769033220425 0.14915769033220436 -0.00015957971052411076 -0.008389103605205759 0.00049959769821639806 -0.0012878791709181052
 2.6813832832726285e-05 2.6813832832726298e-05 -3.0083006583628393e-08 -1.7453776305523271e-06 1.2177257492378549e-07 -3.972720372485869e-07


# name: mean
# type: matrix
# rows: 1
# columns: 6
 0.37256866369468916 0.37256866369468927 -1.1999415506817212e-06 -0.00084859169260534948 -0.00011019438935869956 -0.00013778933232634283


# name: median
# type: matrix
# rows: 1
# columns: 6
 0.45578830437314632 0.45578830437314649 -1.0734578573417518e-05 -1.7453776305523271e-06 1.2177257492378549e-07 -1.6717030552840293e-05


# name: absmean
# type: matrix
# rows: 1
# columns: 6
 0.37256866369468916 0.37256866369468927 0.00021776653767866227 0.0094731217936196866 0.0006232712015841502 0.0016462819643029264


# name: absmedian
# type: matrix
# rows: 1
# columns: 6
 0.45578830437314632 0.45578830437314649 0.00020736927641288236 0.0077050809752711802 0.00065348393313827895 0.0013519394726688823




# name: x
# type: matrix
# rows: 19
# columns: 5
 1 0.99999999999999989 0.99999999999999956 0.99999999999999911 0.99999999999999856
 1 0.87161159811193489 0.63956016694486162 0.34800569992462127 0.051150032252236632
 1 0.72002697235333801 0.2776582613744718 -0.14681558609163747 -0.39323826443957832
 1 0.59568442346594752 0.032259898539937382 -0.36509508387257744 -0.40478746936200716
 1 0.46540795684423475 -0.1750931505591124 -0.44608821366138396 -0.2320028942424342
 1 0.3386378961564393 -0.32798656293011097 -0.41087306350135017 0.002499840027548661
 1 0.19892110586648679 -0.44064559046128093 -0.27870358416057295 0.23346414879815508
 1 0.043290627107214978 -0.4971888824069961 -0.06473311558836703 0.36798757176050467
 1 -0.092110586648685128 -0.48727345974085262 0.13621213149089739 0.34349858096012431
 1 -0.21726230613621039 -0.42919563549856343 0.30025492667749737 0.20773709047617683
 1 -0.33216453135536084 -0.33450008616421023 0.40662479483534503 0.014508979398741434
 1 -0.44517869184086317 -0.20272389849628669 0.44719972778967021 -0.19635370829352711
 1 -0.55549561699258265 -0.037136929253044904 0.40471274704277188 -0.36557557802596963
 1 -0.63587322993931217 0.10650214683018 0.31104571312557905 -0.42600148408452765
 1 -0.73405259608900875 0.30824982073752016 0.11224909546542546 -0.37538166043945753
 1 -0.81631827376938637 0.49956328613474621 -0.13545888311387255 -0.18116173174812997
 1 -0.88590694538098447 0.6772466738113998 -0.40935792318882563 0.12670779241595342
 1 -0.95360755225893457 0.8640510455879149 -0.73753763617715151 0.58277427069309851
 1 -1 1 -1 1


# name: y
# type: matrix
# rows: 19
# columns: 1
 285.60000000000002
 291.39999999999998
 296.10000000000002
 298.80000000000001
 300.60000000000002
 301.5
 302.10000000000002
 301.89999999999998
 301.69999999999999
 301.30000000000001
 300.60000000000002
 300
 298.69999999999999
 297.5
 296.30000000000001
 293.69999999999999
 291.19999999999999
 288.19999999999999
 284.80000000000001




