# Created by Octave 7.3.0, Wed Mar 22 16:04:21 2023 CET <parmar@uchp-parmar.icpf.cas.cz>
# name: coefficients
# type: matrix
# rows: 6
# columns: 1
 148.95004944679684
 148.95004944679692
 0.16711021307893242
 -9.6955211884816368
 -0.67644305718293862
 -2.2068344335982153


