# Created by Octave 7.3.0, Wed Mar 22 15:49:54 2023 CET <parmar@uchp-parmar.icpf.cas.cz>
# name: coefficients
# type: matrix
# rows: 5
# columns: 1
 149.0738735081658
 149.07387350816583
 -0.79730849806274307
 -8.8044470517755951
 -2.1563092099653884


