# Created by Octave 7.3.0, Wed Mar 22 15:49:54 2023 CET <parmar@uchp-parmar.icpf.cas.cz>
# name: LegReg_result
# type: scalar struct
# ndims: 2
 1 1
# length: 17
# name: coef
# type: matrix
# rows: 5
# columns: 1
 149.0738735081658
 149.07387350816583
 -0.79730849806274307
 -8.8044470517755951
 -2.1563092099653884


# name: w
# type: matrix
# rows: 19
# columns: 1
 0.77140123054633092
 0.87048511959652852
 0.68061049936670837
 0.69790344246330271
 0.87095232046115656
 1
 0.9701909023732922
 0.81303291979959802
 0.918557119264933
 0.99999505188099824
 0.9554278314778627
 0.66572582242706768
 0.67884188059166173
 0.79926669065136569
 0.75806165923233837
 0.65717501541513368
 0.080357161799221991
 0.0028501452649584641
 3.2329259331583099e-05


# name: wx
# type: matrix
# rows: 19
# columns: 1
 1
 1
 1
 1
 1
 1
 1
 1
 1
 1
 1
 1
 1
 1
 1
 1
 1
 1
 1


# name: fitY
# type: matrix
# rows: 19
# columns: 1
 286.38968225652792
 291.07142215998823
 295.44561573213616
 298.17603008661558
 300.28017579407498
 301.65145784192674
 302.46975740337081
 302.63028883466944
 302.21764547220914
 301.45235988319087
 300.48086412727974
 299.32326270920601
 298.04493269583168
 297.04633089765315
 295.77700040545318
 294.69231724857752
 293.77400793175752
 292.8909339382393
 292.29691767258424


# name: resid
# type: matrix
# rows: 19
# columns: 1
 -0.7896822565278967
 0.3285778400117465
 0.65438426786386117
 0.62396991338442831
 0.31982420592504468
 -0.15145784192674228
 -0.36975740337078378
 -0.73028883466946581
 -0.51764547220915347
 -0.15235988319085436
 0.11913587272027826
 0.67673729079399436
 0.6550673041683126
 0.45366910234685065
 0.52299959454683176
 -0.99231724857753534
 -2.5740079317575351
 -4.6909339382393114
 -7.4969176725842317


# name: int
# type: scalar
1


# name: convi
# type: scalar
0.0019110354943230219


# name: Nmet
# type: scalar
1


# name: iter
# type: scalar
34


# name: method
# type: string
# elements: 1
# length: 10
wt_gnostic


# name: stdev
# type: scalar
2.533137927723061


# name: wstdev
# type: scalar
0.55494396779260657


# name: sigma
# type: scalar
0.22691996333955908


# name: wdelta
# type: scalar
0.15741271396371623


# name: robsens
# type: scalar struct
# ndims: 2
 1 1
# length: 5
# name: mat
# type: matrix
# rows: 19
# columns: 5
 0.40264625163342849 0.40264625163342854 -0.0021535180550792954 -0.023780676785783286 -0.0058241581862944177
 0.4453211688725926 0.44532116887259271 -0.0020759705949573567 -0.016821135039556075 -0.0022416571962277244
 0.34265870817602917 0.34265870817602923 -0.001319579000118819 -0.0056191797258803231 0.00072768502559161991
 0.34818999164219494 0.34818999164219505 -0.0011093213826706173 -0.00066340666527490337 0.0018387884633224497
 0.4319236062943112 0.43192360629431126 -0.0010751414393734284 0.00446659574311567 0.0027870014254452592
 0.49444070815312041 0.49444070815312052 -0.00089551864799873224 0.0095779115323781951 0.0029385385437965348
 0.47874914220181852 0.47874914220181863 -0.00050934697420504003 0.012459424625457719 0.0019300122443721588
 0.40146395046101357 0.40146395046101363 -9.2953401675955778e-05 0.011788770483324782 0.00037590886299167323
 0.45387095726657534 0.45387095726657545 0.00022359742544582426 0.013061880336186858 -0.0008942473959327185
 0.49476646489511988 0.49476646489512 0.00057492275424090623 0.012541691169925415 -0.0021488193166605135
 0.47381679206890237 0.47381679206890248 0.00084176053661274739 0.009360676399004569 -0.0027868513670976239
 0.33080775681204111 0.33080775681204116 0.00078765296126707268 0.0039607842241554409 -0.0021398666807067746
 0.33879340019875048 0.33879340019875059 0.0010065617778522221 0.00074309011079998937 -0.0019833133104129944
 0.40050346736622511 0.40050346736622522 0.0013620770606217348 -0.0025192147611687965 -0.0018019386564486102
 0.38139449173065104 0.38139449173065104 0.0014973607753069481 -0.0069434897540140471 -0.00061925107347626644
 0.33356358570215372 0.33356358570215383 0.0014563407745752585 -0.0098416903633358945 0.00065357529223457854
 0.041137202518998738 0.041137202518998751 0.0001949161021793255 -0.0016454405101793133 0.00024358327033958981
 0.0014742616055111583 0.0014742616055111587 7.5191559773784584e-06 -7.5234061042876257e-05 1.5727809634211406e-05
 1.6922218806914002e-05 1.6922218806914005e-05 9.0506998599527535e-08 -9.9944259834285634e-07 2.4477485831478972e-07


# name: mean
# type: matrix
# rows: 1
# columns: 5
 0.34713362262201292 0.34713362262201303 -6.7292087631643484e-05 0.00052896618502709387 -0.00046994934056164491


# name: median
# type: matrix
# rows: 1
# columns: 5
 0.40050346736622511 0.40050346736622522 7.5191559773784584e-06 -9.9944259834285634e-07 2.4477485831478972e-07


# name: absmean
# type: matrix
# rows: 1
# columns: 5
 0.34713362262201292 0.34713362262201303 0.00090442891195564542 0.007677436407009605 0.0016816404682023175


# name: absmedian
# type: matrix
# rows: 1
# columns: 5
 0.40050346736622511 0.40050346736622522 0.00089551864799873224 0.0069434897540140471 0.0018387884633224497




# name: x
# type: matrix
# rows: 19
# columns: 4
 1 0.99999999999999989 0.99999999999999956 0.99999999999999911
 1 0.87161159811193489 0.63956016694486162 0.34800569992462127
 1 0.72002697235333801 0.2776582613744718 -0.14681558609163747
 1 0.59568442346594752 0.032259898539937382 -0.36509508387257744
 1 0.46540795684423475 -0.1750931505591124 -0.44608821366138396
 1 0.3386378961564393 -0.32798656293011097 -0.41087306350135017
 1 0.19892110586648679 -0.44064559046128093 -0.27870358416057295
 1 0.043290627107214978 -0.4971888824069961 -0.06473311558836703
 1 -0.092110586648685128 -0.48727345974085262 0.13621213149089739
 1 -0.21726230613621039 -0.42919563549856343 0.30025492667749737
 1 -0.33216453135536084 -0.33450008616421023 0.40662479483534503
 1 -0.44517869184086317 -0.20272389849628669 0.44719972778967021
 1 -0.55549561699258265 -0.037136929253044904 0.40471274704277188
 1 -0.63587322993931217 0.10650214683018 0.31104571312557905
 1 -0.73405259608900875 0.30824982073752016 0.11224909546542546
 1 -0.81631827376938637 0.49956328613474621 -0.13545888311387255
 1 -0.88590694538098447 0.6772466738113998 -0.40935792318882563
 1 -0.95360755225893457 0.8640510455879149 -0.73753763617715151
 1 -1 1 -1


# name: y
# type: matrix
# rows: 19
# columns: 1
 285.60000000000002
 291.39999999999998
 296.10000000000002
 298.80000000000001
 300.60000000000002
 301.5
 302.10000000000002
 301.89999999999998
 301.69999999999999
 301.30000000000001
 300.60000000000002
 300
 298.69999999999999
 297.5
 296.30000000000001
 293.69999999999999
 291.19999999999999
 288.19999999999999
 284.80000000000001




