# Created by Octave 7.3.0, Wed Mar 22 16:05:42 2023 CET <parmar@uchp-parmar.icpf.cas.cz>
# name: rdata
# type: matrix
# rows: 18
# columns: 4
 1 0.81110000000000004 285.60000000000002 0.11158957259010549
 2 0.76349999999999996 291.39999999999998 -0.096599251525560703
 3 0.70730000000000004 296.10000000000002 -0.19550532452473135
 4 0.66120000000000001 298.80000000000001 -0.027132275069106981
 5 0.6129 300.60000000000002 0.1107620816344479
 6 0.56589999999999996 301.5 0.090895086859063667
 7 0.5141 302.10000000000002 0.22106031715173913
 8 0.45639999999999997 301.89999999999998 -0.059539165680803308
 9 0.40620000000000001 301.69999999999999 -0.058892180328200538
 10 0.35980000000000001 301.30000000000001 -0.063520796367185994
 11 0.31719999999999998 300.60000000000002 -0.18066604625738591
 12 0.27529999999999999 300 0.077966185586149095
 13 0.2344 298.69999999999999 -0.00033143290147563675
 14 0.2046 297.5 0.009045807832023911
 15 0.16819999999999999 296.30000000000001 0.75873640775967033
 16 0.13769999999999999 293.69999999999999 0.28841848409479098
 17 0.1119 291.19999999999999 0.016920474848916456
 18 0.086800000000000002 288.19999999999999 -0.37613199773727501


