# Created by Octave 7.3.0, Wed Mar 22 15:50:39 2023 CET <parmar@uchp-parmar.icpf.cas.cz>
# name: rdata
# type: matrix
# rows: 19
# columns: 4
 1 0.81110000000000004 285.60000000000002 -0.7896822565278967
 2 0.76349999999999996 291.39999999999998 0.3285778400117465
 3 0.70730000000000004 296.10000000000002 0.65438426786386117
 4 0.66120000000000001 298.80000000000001 0.62396991338442831
 5 0.6129 300.60000000000002 0.31982420592504468
 6 0.56589999999999996 301.5 -0.15145784192674228
 7 0.5141 302.10000000000002 -0.36975740337078378
 8 0.45639999999999997 301.89999999999998 -0.73028883466946581
 9 0.40620000000000001 301.69999999999999 -0.51764547220915347
 10 0.35980000000000001 301.30000000000001 -0.15235988319085436
 11 0.31719999999999998 300.60000000000002 0.11913587272027826
 12 0.27529999999999999 300 0.67673729079399436
 13 0.2344 298.69999999999999 0.6550673041683126
 14 0.2046 297.5 0.45366910234685065
 15 0.16819999999999999 296.30000000000001 0.52299959454683176
 16 0.13769999999999999 293.69999999999999 -0.99231724857753534
 17 0.1119 291.19999999999999 -2.5740079317575351
 18 0.086800000000000002 288.19999999999999 -4.6909339382393114
 19 0.069599999999999995 284.80000000000001 -7.4969176725842317


