# Created by Octave 7.3.0, Wed Mar 22 16:08:38 2023 CET <parmar@uchp-parmar.icpf.cas.cz>
# name: intv
# type: scalar struct
# ndims: 2
 1 1
# length: 6
# name: inf
# type: matrix
# rows: 1
# columns: 5
 8.6271183870657904 22.184677020694497 24.76283511482962 27.763344719818914 71.077963163641769


# name: fin
# type: matrix
# rows: 1
# columns: 5
 -0.33580543889211478 -0.032756089779627073 -0.010863852628327342 0.0097239846148990949 0.11678836852041852


# name: EL
# type: scalar struct
# ndims: 2
 1 1
# length: 5
# name: ddf
# type: matrix
# rows: 1
# columns: 5
 0.38136209485413097 1.0287433327414586 1.1375285369069268 1.2588383510328631 2.5709986887641914


# name: ddi
# type: matrix
# rows: 1
# columns: 5
 0.17480666303348033 0.21507460377894583 0.21552600496301155 0.21505046952491799 0.18149893805471354


# name: pdf
# type: matrix
# rows: 1
# columns: 5
 0.28654476653893368 0.47545216705029664 0.4991310571009287 0.52376314206385255 0.71376999087788895


# name: Ptolerance
# type: scalar
0.048310975013555912


# name: Ptypical
# type: scalar
0.42722522433895527




# name: LB
# type: scalar
-27.956995040289968


# name: UB
# type: scalar
0.18872757173418941


# name: robmed
# type: scalar
-0.013617355328957581




