# Created by Octave 7.3.0, Wed Mar 22 16:07:33 2023 CET <parmar@uchp-parmar.icpf.cas.cz>
# name: coefficients
# type: matrix
# rows: 6
# columns: 1
 150.08137746765217
 150.08137746765215
 -2.4024751002520128
 -9.2342601781638667
 -0.851717632702787
 -2.4537837722949027


