# Created by Octave 7.3.0, Wed Mar 22 16:07:33 2023 CET <parmar@uchp-parmar.icpf.cas.cz>
# name: LegReg_result
# type: scalar struct
# ndims: 2
 1 1
# length: 17
# name: coef
# type: matrix
# rows: 6
# columns: 1
 150.08137746765217
 150.08137746765215
 -2.4024751002520128
 -9.2342601781638667
 -0.851717632702787
 -2.4537837722949027


# name: w
# type: matrix
# rows: 18
# columns: 1
 0.97128909141597952
 0.93058181462165834
 0.99888734288293979
 0.82362189385398843
 0.99897826000127099
 0.90508019925810146
 0.86490163729109781
 0.94633709448150716
 0.84669937385100924
 0.75819884593035258
 0.95199653870855516
 0.91773966379826011
 0.73057531501172834
 0.60428226500245774
 0.99896355485698418
 0.92742107219788339
 0.08849993816909997
 2.0164170747238617e-07


# name: wx
# type: matrix
# rows: 18
# columns: 1
 1
 1
 1
 1
 1
 1
 1
 1
 1
 1
 1
 1
 1
 1
 1
 1
 1
 1


# name: fitY
# type: matrix
# rows: 18
# columns: 1
 285.22051825189078
 291.70969105665455
 296.37854206457922
 300.08660680347907
 301.67996236950546
 302.65661370228037
 303.32775733815282
 303.69221301220387
 303.87222103160053
 303.92530550498105
 303.58781522201548
 302.66389054981397
 301.34359316145361
 299.71252717860062
 298.00866164410849
 296.2773501559094
 293.91203301767894
 291.72890371780028


# name: resid
# type: matrix
# rows: 18
# columns: 1
 0.079481748109230921
 -0.10969105665452616
 0.021457935420755803
 -0.1866068034790942
 0.020037630494528003
 0.14338629771964406
 0.17224266184717862
 0.10778698779614615
 -0.17222103160054303
 -0.2253055049810655
 -0.087815222015478867
 0.1361094501860407
 0.25640683854641111
 -0.31252717860064649
 -0.0086616441084856888
 0.12264984409057433
 -0.81203301767891389
 -3.6289037178002559


# name: int
# type: scalar
1


# name: convi
# type: scalar
0.0029246654587724128


# name: Nmet
# type: scalar
1


# name: iter
# type: scalar
14


# name: method
# type: string
# elements: 1
# length: 10
wt_gnostic


# name: stdev
# type: scalar
1.0889373337479962


# name: wstdev
# type: scalar
0.17548022413077463


# name: sigma
# type: scalar
0.020528872707324598


# name: wdelta
# type: scalar
0.042616308340374692


# name: robsens
# type: scalar struct
# ndims: 2
 1 1
# length: 5
# name: mat
# type: matrix
# rows: 18
# columns: 6
 0.51094428587106389 0.51094428587106377 -0.0081791021986445545 -0.031437561087793692 -0.0028996286211386548 -0.0083537799184142565
 0.47895404864460156 0.47895404864460145 -0.0066882846300641936 -0.018903981671237743 -0.00095429821730224598 -0.00042966155583573043
 0.50578403628500213 0.50578403628500201 -0.0059971670808098999 -0.010051148692137312 0.00027292079212535517 0.0030223506510579632
 0.41217175172431808 0.41217175172431803 -0.0037980350656184251 7.5146612676061349e-05 0.00090429433895808495 0.0026094668430694996
 0.49694409453506505 0.49694409453506494 -0.0036523705407053007 0.0056199009995496849 0.0012598664666552027 0.0017963261195096389
 0.44859868898069011 0.44859868898069 -0.0025004203748845858 0.0087811541820088674 0.0010609811078843348 0.0001125195292988587
 0.42769564777158364 0.42769564777158353 -0.0015262838575759888 0.011195979479213048 0.00074441196701280333 -0.001394615792096561
 0.46750353748690027 0.46750353748690016 -0.00076664339814189154 0.013929563891359867 0.00040055132458674016 -0.0025692088106047104
 0.41841886179966437 0.41841886179966431 7.8214112967094074e-05 0.012867046239507683 -4.1582865674309196e-05 -0.002561884200479864
 0.37468398811857595 0.37468398811857584 0.00090572966999755882 0.010738285155805013 -0.00046333913822755826 -0.0017873220501580923
 0.470764256585888 0.47076425658588789 0.0026979669467625785 0.0089137399778355161 -0.0011282222365742555 0.00025999319605247008
 0.45487329227061712 0.45487329227061707 0.0038204832635054076 0.0024367111793750867 -0.0010994861726677128 0.0024228444311541262
 0.36354691518840876 0.3635469151884087 0.0037623478142519398 -0.0028393875385537863 -0.00060702555756586942 0.0025444474405112928
 0.30291087077769435 0.3029108707776943 0.0036071080464396572 -0.0061517488541353287 -0.00014903796645852275 0.0017849792130724225
 0.50310679984200912 0.50310679984200901 0.0065938118333749123 -0.015647758567909745 0.00041101047599007972 0.0014219272261063523
 0.46959727398105683 0.46959727398105672 0.0066114887807102712 -0.019078732601162416 0.0010168984570679003 -0.00070689575142435625
 0.045316249151213135 0.045316249151213128 0.00068729528739532443 -0.0023602363506132415 0.00018132135286866332 -0.00039575150501099495
 1.0504222565909435e-07 1.0504222565909435e-07 1.6814966378851369e-09 -6.4630752848636682e-09 5.9611870094595145e-10 -1.7174076696063068e-09


# name: mean
# type: matrix
# rows: 1
# columns: 6
 0.39732303911425437 0.39732303911425421 -0.00024132553941908091 -0.0017729463394048741 -6.0575772018959078e-05 -0.00012357036953331178


# name: median
# type: matrix
# rows: 1
# columns: 6
 0.45173599062565362 0.45173599062565351 3.9107897231865976e-05 3.7570074800388242e-05 9.0660974493682136e-05 5.6258905945594546e-05


# name: absmean
# type: matrix
# rows: 1
# columns: 6
 0.39732303911425437 0.39732303911425421 0.0034373752546303458 0.010057116085774967 0.00075527098082649939 0.0018985542195147148


# name: absmedian
# type: matrix
# rows: 1
# columns: 6
 0.45173599062565362 0.45173599062565351 0.0036297392935724787 0.0094824443349864132 0.00067571876228933632 0.0017861506316152573




# name: x
# type: matrix
# rows: 18
# columns: 5
 1 0.99999999999999989 0.99999999999999956 0.99999999999999911 0.99999999999999856
 1 0.87234607218683624 0.64148150448970132 0.35109240324559798 0.054868509788108866
 1 0.74071125265392768 0.32297973971222604 -0.095082955795814314 -0.3654855815478919
 1 0.57563694267515897 -0.0029631653413936254 -0.38660080751304071 -0.38722561302092495
 1 0.45912951167728233 -0.1838001372604704 -0.44673311989588366 -0.22108952563341253
 1 0.34819532908704864 -0.31814001920294288 -0.41675500052824682 -0.015341238573603366
 1 0.22292993630573238 -0.42545336524808319 -0.30669711023017937 0.19943908125072179
 1 0.10244161358811031 -0.48425857370819642 -0.15097479186631435 0.33612825302379723
 1 -0.01167728237791936 -0.49979546161439953 0.017511942812736072 0.3744887353836816
 1 -0.15100849256900212 -0.46579465275805643 0.21790390897882786 0.29176164313391711
 1 -0.35801486199575372 -0.30773803788524212 0.42230122660438413 -0.033779173472029078
 1 -0.52468152866242035 -0.087063940220698632 0.42592242118556317 -0.32578089215314698
 1 -0.64649681528662417 0.12693719826362115 0.29422371949301968 -0.42807861955725485
 1 -0.74389596602972397 0.33007181241294437 0.086698827762967515 -0.36041994871636868
 1 -0.81873673036093408 0.5054947504631695 -0.14395404510743001 -0.17286525047377369
 1 -0.87951167728237789 0.66031118571409264 -0.3815778792712769 0.092070461784964031
 1 -0.94745222929936312 0.84649859020649942 -0.70506014111695114 0.53414496170503845
 1 -1 1 -1 1


# name: y
# type: matrix
# rows: 18
# columns: 1
 285.30000000000001
 291.60000000000002
 296.39999999999998
 299.89999999999998
 301.69999999999999
 302.80000000000001
 303.5
 303.80000000000001
 303.69999999999999
 303.69999999999999
 303.5
 302.80000000000001
 301.60000000000002
 299.39999999999998
 298
 296.39999999999998
 293.10000000000002
 288.10000000000002




