# Created by Octave 7.3.0, Wed Mar 22 16:08:39 2023 CET <parmar@uchp-parmar.icpf.cas.cz>
# name: rdata
# type: matrix
# rows: 17
# columns: 4
 1 0.81320000000000003 285.30000000000001 0.079481748109230921
 2 0.7651 291.60000000000002 -0.10969105665452616
 3 0.71550000000000002 296.39999999999998 0.021457935420755803
 4 0.65329999999999999 299.89999999999998 -0.1866068034790942
 5 0.60940000000000005 301.69999999999999 0.020037630494528003
 6 0.56759999999999999 302.80000000000001 0.14338629771964406
 7 0.52039999999999997 303.5 0.17224266184717862
 8 0.47499999999999998 303.80000000000001 0.10778698779614615
 9 0.432 303.69999999999999 -0.17222103160054303
 10 0.3795 303.69999999999999 -0.2253055049810655
 11 0.30149999999999999 303.5 -0.087815222015478867
 12 0.2387 302.80000000000001 0.1361094501860407
 13 0.15609999999999999 299.39999999999998 -0.31252717860064649
 14 0.12790000000000001 298 -0.0086616441084856888
 15 0.105 296.39999999999998 0.12264984409057433
 16 0.079399999999999998 293.10000000000002 -0.81203301767891389
 17 0.0596 288.10000000000002 -3.6289037178002559


