# Created by Octave 7.3.0, Wed Mar 22 14:38:58 2023 CET <parmar@uchp-parmar.icpf.cas.cz>
# name: coefficients
# type: matrix
# rows: 5
# columns: 1
 150.88436826977929
 150.88436826977929
 -3.8024615685056737
 -10.275305181142251
 -4.5019435393487157


