# Created by Octave 7.3.0, Wed Mar 22 14:38:58 2023 CET <parmar@uchp-parmar.icpf.cas.cz>
# name: LegReg_result
# type: scalar struct
# ndims: 2
 1 1
# length: 17
# name: coef
# type: matrix
# rows: 5
# columns: 1
 150.88436826977929
 150.88436826977929
 -3.8024615685056737
 -10.275305181142251
 -4.5019435393487157


# name: w
# type: matrix
# rows: 27
# columns: 1
 0.078740690680179914
 0.40023458281099694
 0.99720164276605039
 0.86956563979889789
 0.26870789213332941
 0.94046602745142627
 0.11463388071250537
 0.71368492212489876
 0.70346555486983431
 0.81372877621206141
 0.94335144593945475
 0.75033029428003228
 1
 0.67566303981949061
 0.97594794710792698
 0.11413125113978149
 0.97239720638876392
 0.0033597205113938557
 0.9623495707114853
 0.00014114678498626667
 0.99146265476375317
 0.98890920881316147
 0.90378798935930882
 0.82195284968136273
 0.92979695946750518
 0.90750955121918864
 0.83092690801139168


# name: wx
# type: matrix
# rows: 27
# columns: 1
 1
 1
 1
 1
 1
 1
 1
 1
 1
 1
 1
 1
 1
 1
 1
 1
 1
 1
 1
 1
 1
 1
 1
 1
 1
 1
 1


# name: fitY
# type: matrix
# rows: 27
# columns: 1
 299.79783646627067
 300.4250194316898
 299.81087149052075
 300.73473553340762
 299.8789549501189
 301.27613996353864
 299.96776661534591
 302.35420146064331
 303.52018041117287
 304.69019279629879
 305.75278349850208
 303.50957987593318
 306.50916125268435
 304.7126668556416
 306.9582592383282
 305.62706523808259
 306.99936754349733
 306.57470272632111
 306.89811538670887
 306.98636240461514
 306.3026329393785
 305.02774703072919
 302.67715572413067
 299.30209045402609
 295.22256051297887
 289.58641112258834
 283.18902625056194


# name: resid
# type: matrix
# rows: 27
# columns: 1
 -5.517836466270694
 -3.0250194316898273
 -0.33087149052073528
 -1.2347355334076155
 3.3110450498811019
 0.48386003646135123
 4.6022333846540846
 1.4357985393567105
 1.4698195888271357
 1.0598072037012116
 0.45721650149789639
 1.3004201240668181
 -0.20916125268433916
 -1.9826668556415825
 -0.63825923832820308
 -5.0070652380825891
 -0.66936754349734429
 -9.9247027263211294
 -0.74811538670888922
 -14.276362404615156
 -0.46263293937852268
 0.082252969270825815
 0.6728442758693518
 1.0279095459738983
 0.53743948702111766
 0.65358887741166427
 -1.4090262505619648


# name: int
# type: scalar
1


# name: convi
# type: scalar
0.0023727198269148479


# name: Nmet
# type: scalar
1


# name: iter
# type: scalar
15


# name: method
# type: string
# elements: 1
# length: 10
wt_gnostic


# name: stdev
# type: scalar
4.359214258531118


# name: wstdev
# type: scalar
1.1590541835501069


# name: sigma
# type: scalar
1.0946276003300039


# name: wdelta
# type: scalar
0.29114801643698057


# name: robsens
# type: scalar struct
# ndims: 2
 1 1
# length: 5
# name: mat
# type: matrix
# rows: 27
# columns: 5
 0.040372228389306257 0.040372228389306257 0.0010174271108773175 -0.002749370079219696 0.00120458795599936
 0.20305696767705428 0.20305696767705428 0.0041102916662798233 -0.0064680701509431237 0.00054943263367521287
 0.50241131262969685 0.50241131262969685 0.012325237139141227 -0.031525836954963637 0.012681345631186556
 0.43807633465830775 0.43807633465830775 0.0083384394938775808 -0.010611593789521034 -0.00072895504147291884
 0.13372413520776213 0.13372413520776213 0.0031422842962246702 -0.0073229732803760323 0.0025058341819127854
 0.47024662788705379 0.47024662788705379 0.0081099514105957508 -0.0064842931599225946 -0.0031608860641197589
 0.056789771394489312 0.056789771394489312 0.0012895607890499128 -0.0027762193409879739 0.0008088105319130933
 0.35446821362942155 0.35446821362942155 0.0050424290657227503 0.00053247126630130855 -0.004199484792963469
 0.34801782303054102 0.34801782303054102 0.0039141830756579815 0.0047693146625398504 -0.004643757304188474
 0.40156648353784952 0.40156648353784952 0.0033058266951316788 0.0092961754074501243 -0.0048267837066561254
 0.46483454811063485 0.46483454811063485 0.0023984536920712684 0.013837226916405468 -0.0039618931442852627
 0.37142191019362969 0.37142191019362969 0.0041873498580873147 0.0050540465177548672 -0.0049560793164366464
 0.49260322647658922 0.49260322647658922 0.0011513302504810874 0.016340454122533703 -0.0020153732952291402
 0.33675879802597219 0.33675879802597219 0.0027520324279202263 0.0078493911533119888 -0.0040308659675784789
 0.48072371854128859 0.48072371854128859 -0.00023769408533988164 0.016349866102821145 0.00042185783474591186
 0.057283686142190995 0.057283686142190995 0.00031832215082539959 0.0016660108432396399 -0.00051950736146883522
 0.4789590905013118 0.4789590905013118 -0.00048529486570099721 0.016229594995067036 0.00085952899569673342
 0.0017088464753908033 0.0017088464753908033 3.4680993707251101e-06 5.7054584772223089e-05 -6.0925369164808955e-06
 0.47428877031355793 0.47428877031355793 -0.0020647468640162133 0.014703914028094898 0.0034844831105306138
 7.2757485176328836e-05 7.2757485176328836e-05 -6.0312289428614124e-08 2.4693701338201371e-06 1.0691740795352905e-07
 0.48913227938499609 0.48913227938499609 -0.0034132920472573756 0.012824003977267349 0.0052871332210142159
 0.48903982579378297 0.48903982579378297 -0.0048215459827090027 0.0090060289824691712 0.0063784794935615209
 0.44953842038666003 0.44953842038666003 -0.0058977927315583363 0.0028613899597873423 0.0057429079582546278
 0.41294521516903832 0.41294521516903832 -0.0067374697239998699 -0.0036199012348317422 0.0036065742380285214
 0.47434347730733062 0.47434347730733062 -0.0091098207675023961 -0.011988687282675416 0.00051893486363171364
 0.47177854649427431 0.47177854649427431 -0.010535649456584821 -0.021778767924777353 -0.0057767370837727922
 0.44493534528234741 0.44493534528234741 -0.011212888189192161 -0.030300332042870224 -0.013275555487234351


# name: mean
# type: matrix
# rows: 1
# columns: 5
 0.34589253185650576 0.34589253185650576 0.00025519748870978654 -0.00015728267967181044 -0.0002982205012875524


# name: median
# type: matrix
# rows: 1
# columns: 5
 0.43807633465830775 0.43807633465830775 0.0010174271108773175 0.00053247126630130855 1.0691740795352905e-07


# name: absmean
# type: matrix
# rows: 1
# columns: 5
 0.34589253185650576 0.34589253185650576 0.0042934386017579708 0.0098890910418903254 0.0035611847655511691


# name: absmedian
# type: matrix
# rows: 1
# columns: 5
 0.43807633465830775 0.43807633465830775 0.0034132920472573756 0.0078493911533119888 0.0034844831105306138




