# Created by Octave 7.3.0, Wed Mar 22 14:55:40 2023 CET <parmar@uchp-parmar.icpf.cas.cz>
# name: rdata
# type: matrix
# rows: 25
# columns: 4
 1 0.019 294.27999999999997 -5.517836466270694
 2 0.10054 297.39999999999998 -3.0250194316898273
 3 0.029999999999999999 299.48000000000002 -0.33087149052073528
 4 0.12039999999999999 299.5 -1.2347355334076155
 5 0.14979999999999999 301.75999999999999 0.48386003646135123
 6 0.19947000000000001 303.79000000000002 1.4357985393567105
 7 0.24843999999999999 304.99000000000001 1.4698195888271357
 8 0.29801 305.75 1.0598072037012116
 9 0.34853000000000001 306.20999999999998 0.45721650149789639
 10 0.248 304.81 1.3004201240668181
 11 0.39494000000000001 306.30000000000001 -0.20916125268433916
 12 0.29899999999999999 302.73000000000002 -1.9826668556415825
 13 0.4415 306.31999999999999 -0.63825923832820308
 14 0.34200000000000003 300.62 -5.0070652380825891
 15 0.45002999999999999 306.32999999999998 -0.66936754349734429
 16 0.40000000000000002 296.64999999999998 -9.9247027263211294
 17 0.50495000000000001 306.14999999999998 -0.74811538670888922
 18 0.44700000000000001 292.70999999999998 -14.276362404615156
 19 0.54810999999999999 305.83999999999997 -0.46263293937852268
 20 0.59548000000000001 305.11000000000001 0.082252969270825815
 21 0.64908999999999994 303.35000000000002 0.6728442758693518
 22 0.70164000000000004 300.32999999999998 1.0279095459738983
 23 0.74914999999999998 295.75999999999999 0.53743948702111766
 24 0.80056000000000005 290.24000000000001 0.65358887741166427
 25 0.84774000000000005 281.77999999999997 -1.4090262505619648


