# Created by Octave 7.3.0, Wed Mar 22 15:20:53 2023 CET <parmar@uchp-parmar.icpf.cas.cz>
# name: intv
# type: scalar struct
# ndims: 2
 1 1
# length: 6
# name: inf
# type: matrix
# rows: 1
# columns: 5
 4.3476108354426906 10.284392914210528 11.05517334300921 11.894082041411334 28.111268986552894


# name: fin
# type: matrix
# rows: 1
# columns: 5
 -2.2882182848827366 -0.29715667219362363 -0.18051488091898094 -0.069131836247660061 0.83389344265669862


# name: EL
# type: scalar struct
# ndims: 2
 1 1
# length: 5
# name: ddf
# type: matrix
# rows: 1
# columns: 5
 0.061373455499313084 0.13625882468505779 0.14447084153533979 0.15305346736236852 0.27020896714051285


# name: ddi
# type: matrix
# rows: 1
# columns: 5
 0.1868826689003607 0.22626547925036708 0.22653004755708225 0.22626124133695294 0.18970361586785461


# name: pdf
# type: matrix
# rows: 1
# columns: 5
 0.32200280871005749 0.50408379524391567 0.52044897873487095 0.53701138431364837 0.71967479314511018


# name: Ptolerance
# type: scalar
0.032927589069732699


# name: Ptypical
# type: scalar
0.39767198443505269




# name: LB
# type: scalar
-109.6240129200054


# name: UB
# type: scalar
1.5694994073281094


# name: robmed
# type: scalar
-0.3207550073224894




