# Created by Octave 7.3.0, Wed Mar 22 15:18:48 2023 CET <parmar@uchp-parmar.icpf.cas.cz>
# name: coefficients
# type: matrix
# rows: 5
# columns: 1
 150.96064160525665
 150.96064160525665
 -4.2584538700613379
 -9.9317899800558607
 -4.6232097130089755


