# Created by Octave 7.3.0, Wed Mar 22 15:18:48 2023 CET <parmar@uchp-parmar.icpf.cas.cz>
# name: LegReg_result
# type: scalar struct
# ndims: 2
 1 1
# length: 17
# name: coef
# type: matrix
# rows: 5
# columns: 1
 150.96064160525665
 150.96064160525665
 -4.2584538700613379
 -9.9317899800558607
 -4.6232097130089755


# name: w
# type: matrix
# rows: 27
# columns: 1
 0.82218190048526296
 0.48864134358687716
 0.00061885793182206927
 0.21947171391058012
 0.28145807558254471
 0.73411935855650023
 0.99151332370505463
 0.7886772819426825
 0.79187557853363766
 0.74691684152896598
 0.83213444405727821
 0.67138409481538064
 0.12026417673310413
 0.94688464693743357
 1
 0.0038308471104799178
 0.97569854053398242
 0.00016924163247833871
 0.97178003718830031
 0.95745376762969536
 0.98612482210622687
 0.99585550747938079
 0.93282472318204945
 0.86305331829490484
 0.95392158807373495
 0.92716215621737685
 0.83449549537760892


# name: wx
# type: matrix
# rows: 27
# columns: 1
 1
 1
 1
 1
 1
 1
 1
 1
 1
 1
 1
 1
 1
 1
 1
 1
 1
 1
 1
 1
 1
 1
 1
 1
 1
 1
 1


# name: fitY
# type: matrix
# rows: 27
# columns: 1
 300.87115681352776
 300.81294510341525
 300.80938636187562
 300.8114668975345
 301.020484249596
 301.22605297220178
 301.63294302337317
 302.5328301557426
 303.56704950812104
 303.57676766275694
 304.66957229124745
 304.69092479531133
 305.57056695852208
 305.69321551390306
 306.44198173752994
 306.50803440186689
 306.90377405034599
 306.9344140892938
 306.94889492246841
 306.88180623179994
 306.31836798724026
 305.07711383888443
 302.75413336909776
 299.38602256297901
 295.28767656927818
 289.59591150784655
 283.10782964738718


# name: resid
# type: matrix
# rows: 27
# columns: 1
 -1.3911568135277435
 2.3770548965847524
 -12.3993863618756
 3.758533102465492
 -3.6204842495960179
 -1.726052972201785
 0.12705697662681814
 1.2571698442574188
 1.2429504918789576
 1.4132323372430733
 1.080427708752552
 -1.960924795311314
 -4.9505669585220744
 0.51678448609692396
 -0.14198173752993171
 -9.8580344018669166
 -0.58377405034599406
 -14.224414089293816
 -0.61889492246842792
 -0.73180623179996473
 -0.47836798724028995
 0.0328861611155844
 0.59586663090226466
 0.94397743702097614
 0.47232343072181493
 0.64408849215345754
 -1.3278296473872047


# name: int
# type: scalar
1


# name: convi
# type: scalar
0.0020771774147101164


# name: Nmet
# type: scalar
1


# name: iter
# type: scalar
5


# name: method
# type: string
# elements: 1
# length: 10
wt_gnostic


# name: stdev
# type: scalar
4.9135350432521268


# name: wstdev
# type: scalar
1.1519765029281182


# name: sigma
# type: scalar
1.0812998886135901


# name: wdelta
# type: scalar
0.28681930054580729


# name: robsens
# type: scalar struct
# ndims: 2
 1 1
# length: 5
# name: mat
# type: matrix
# rows: 27
# columns: 5
 0.41444205694365088 0.41444205694365088 0.011691010070842306 -0.02726638827642186 0.012692397983784047
 0.24329829724835791 0.24329829724835791 0.0065778513411225712 -0.014051661068732822 0.0056875376810357247
 0.00032392493481627453 0.00032392493481627453 8.6904170730905684e-06 -1.825887992852956e-05 7.1826018098878326e-06
 0.1087815305057836 0.1087815305057836 0.0028434680363059878 -0.0056392482504228746 0.001996051782769796
 0.14286849924318015 0.14286849924318015 0.0033348780660259754 -0.0049541820946540872 0.00076679178240573553
 0.37002714318039642 0.37002714318039642 0.0081302720600744949 -0.0099820030789982452 0.00014761757452186086
 0.49602163145107231 0.49602163145107231 0.0098925124782592161 -0.0081508131731248649 -0.0026891182384226045
 0.391912928343781 0.391912928343781 0.0064731653994466905 -0.00036726458227696337 -0.0045182475614872738
 0.39218544472613015 0.39218544472613015 0.0051645455591509751 0.0044667109433696884 -0.0053556679750797163
 0.36970079551127744 0.36970079551127744 0.0048572305774550739 0.004247241525882647 -0.0050502105922386317
 0.41085707138747435 0.41085707138747435 0.0039928354991559797 0.0087029871210754471 -0.0052160319209497126
 0.33479527538365644 0.33479527538365644 0.0032307761139424257 0.0071467340488799054 -0.0042350951118771381
 0.060392380020482264 0.060392380020482264 0.00040362161218725407 0.00165208733301777 -0.00059579907354055162
 0.46681138378185527 0.46681138378185527 0.0029095410732748652 0.013106915651081116 -0.0043526156108484705
 0.49285224161037106 0.49285224161037106 0.0014937602806620095 0.015651054060449327 -0.0023857594047200642
 0.0019494594225170805 0.0019494594225170805 5.2279534071291791e-06 6.2389331981847356e-05 -8.3853873681192183e-06
 0.48084381591904707 0.48084381591904707 -8.7249460728014785e-05 0.015815536293962849 0.00014207435979423524
 8.7283746456393886e-05 8.7283746456393886e-05 -4.8958363504412091e-08 2.8678190334162953e-06 7.9675265834663155e-08
 0.47889706497282669 0.47889706497282669 -0.0003687307339434601 0.015718251589709891 0.00059972569668360638
 0.47211443759186394 0.47211443759186394 -0.0021523866208938884 0.014313396479319573 0.0033525340126986289
 0.48674482032443633 0.48674482032443633 -0.0036684786679485851 0.012582758658316453 0.0052633110482008978
 0.49272389090890428 0.49272389090890428 -0.0053238532771823577 0.0090743958841019243 0.0065498451612148482
 0.46421565425023281 0.46421565425023281 -0.0067328165481259777 0.0031602809490125661 0.0061336142825934355
 0.43381308117518935 0.43381308117518935 -0.0078646860818667157 -0.0034118907728688569 0.0039910405626669594
 0.48689685886095607 0.48689685886095607 -0.010423023655098446 -0.011654654165184113 0.00068215245558319953
 0.48223881606494079 0.48223881606494079 -0.012033767983020948 -0.02137747370375467 -0.0059617537791324497
 0.44707209666725939 0.44707209666725939 -0.012611471970471759 -0.029413137906853178 -0.013691701610092975


# name: mean
# type: matrix
# rows: 1
# columns: 5
 0.3489951068213672 0.3489951068213672 0.000360847132620088 -0.00039197660237135792 -0.00022401591128625952


# name: median
# type: matrix
# rows: 1
# columns: 5
 0.41444205694365088 0.41444205694365088 0.00040362161218725407 6.2389331981847356e-05 7.1826018098878326e-06


# name: absmean
# type: matrix
# rows: 1
# columns: 5
 0.3489951068213672 0.3489951068213672 0.0048991074257788772 0.0097033549497190907 0.0037804571454365336


# name: absmedian
# type: matrix
# rows: 1
# columns: 5
 0.41444205694365088 0.41444205694365088 0.0039928354991559797 0.0087029871210754471 0.0039910405626669594




