# Created by Octave 7.3.0, Wed Mar 22 15:20:54 2023 CET <parmar@uchp-parmar.icpf.cas.cz>
# name: rdata
# type: matrix
# rows: 25
# columns: 4
 1 0.029999999999999999 299.48000000000002 -1.3911568135277435
 2 0.050009999999999999 288.41000000000003 -12.3993863618756
 3 0.10054 297.39999999999998 -3.6204842495960179
 4 0.12039999999999999 299.5 -1.726052972201785
 5 0.14979999999999999 301.75999999999999 0.12705697662681814
 6 0.19947000000000001 303.79000000000002 1.2571698442574188
 7 0.248 304.81 1.2429504918789576
 8 0.24843999999999999 304.99000000000001 1.4132323372430733
 9 0.29801 305.75 1.080427708752552
 10 0.29899999999999999 302.73000000000002 -1.960924795311314
 11 0.34200000000000003 300.62 -4.9505669585220744
 12 0.34853000000000001 306.20999999999998 0.51678448609692396
 13 0.39494000000000001 306.30000000000001 -0.14198173752993171
 14 0.40000000000000002 296.64999999999998 -9.8580344018669166
 15 0.4415 306.31999999999999 -0.58377405034599406
 16 0.44700000000000001 292.70999999999998 -14.224414089293816
 17 0.45002999999999999 306.32999999999998 -0.61889492246842792
 18 0.50495000000000001 306.14999999999998 -0.73180623179996473
 19 0.54810999999999999 305.83999999999997 -0.47836798724028995
 20 0.59548000000000001 305.11000000000001 0.0328861611155844
 21 0.64908999999999994 303.35000000000002 0.59586663090226466
 22 0.70164000000000004 300.32999999999998 0.94397743702097614
 23 0.74914999999999998 295.75999999999999 0.47232343072181493
 24 0.80056000000000005 290.24000000000001 0.64408849215345754
 25 0.84774000000000005 281.77999999999997 -1.3278296473872047


