# Created by Octave 7.3.0, Wed Mar 22 14:11:53 2023 CET <parmar@uchp-parmar.icpf.cas.cz>
# name: intv
# type: scalar struct
# ndims: 2
 1 1
# length: 6
# name: inf
# type: matrix
# rows: 1
# columns: 5
 0.27578828761416324 0.34824647845579065 0.43359673682073691 0.56217960206989448 0.68170454883355325


# name: fin
# type: matrix
# rows: 1
# columns: 5
 -8.2404714920404736 -7.4808835944631271 -6.7834892186765501 -5.9818911353629991 -5.4071881300968894


# name: EL
# type: scalar struct
# ndims: 2
 1 1
# length: 5
# name: ddf
# type: matrix
# rows: 1
# columns: 5
 0.012260682358785102 0.016687289584974466 0.018713017404373145 0.01746844926463503 0.015489905151719397


# name: ddi
# type: matrix
# rows: 1
# columns: 5
 0.040340149841886656 0.053731318199606734 0.058774438416033067 0.052908201439391053 0.045409762305124259


# name: pdf
# type: matrix
# rows: 1
# columns: 5
 0.017896594394012755 0.028961892526713051 0.041472229491998636 0.056193593236759487 0.065659647636009399


# name: Ptolerance
# type: scalar
0.027231700710046436


# name: Ptypical
# type: scalar
0.047763053241996645




# name: LB
# type: scalar
-47.657539531861225


# name: UB
# type: scalar
0.68572598602142421


# name: robmed
# type: scalar
-0.058537927032619397




