# Created by Octave 7.3.0, Wed Mar 22 14:11:09 2023 CET <parmar@uchp-parmar.icpf.cas.cz>
# name: coefficients
# type: matrix
# rows: 6
# columns: 1
 151.3414327228347
 151.3414327228347
 -4.9952131662765353
 -5.1494238955128253
 0.71989129593421808
 -0.63360228019563181


