# Created by Octave 7.3.0, Wed Mar 22 14:11:09 2023 CET <parmar@uchp-parmar.icpf.cas.cz>
# name: LegReg_result
# type: scalar struct
# ndims: 2
 1 1
# length: 17
# name: coef
# type: matrix
# rows: 6
# columns: 1
 151.3414327228347
 151.3414327228347
 -4.9952131662765353
 -5.1494238955128253
 0.71989129593421808
 -0.63360228019563181


# name: w
# type: matrix
# rows: 13
# columns: 1
 4.3051894833977107e-06
 0.017309714613514895
 0.8969889963611366
 0.94566978387939649
 0.94015767843561127
 0.99997730473204938
 0.86476335373480095
 0.96806935999146326
 0.957298760467576
 0.99884090634387335
 1
 0.94946059913723935
 0.99702111161764584


# name: wx
# type: matrix
# rows: 13
# columns: 1
 1
 1
 1
 1
 1
 1
 1
 1
 1
 1
 1
 1
 1


# name: fitY
# type: matrix
# rows: 13
# columns: 1
 301.17516114030326
 302.18956434118576
 303.49634846683728
 304.30120348194305
 305.20805141166892
 305.884239218343
 306.40744499521395
 305.84118793656376
 304.56843229350574
 302.6653788360203
 300.58944041119429
 296.8495098096638
 292.62451739961864


# name: resid
# type: matrix
# rows: 13
# columns: 1
 -6.8951611403032871
 -2.7095643411857395
 -0.30634846683727801
 0.26879651805694493
 0.28194858833109038
 0.035760781657018015
 -0.35744499521393891
 -0.15118793656375829
 0.24156770649426562
 0.064621163979722951
 0.030559588805715521
 -0.19950980966382303
 0.085482600381340035


# name: int
# type: scalar
1


# name: convi
# type: scalar
0.00076135717891357736


# name: Nmet
# type: scalar
1


# name: iter
# type: scalar
13


# name: method
# type: string
# elements: 1
# length: 10
wt_gnostic


# name: stdev
# type: scalar
2.8130578623118718


# name: wstdev
# type: scalar
0.29141891016769594


# name: sigma
# type: scalar
0.045728836032561032


# name: wdelta
# type: scalar
0.073182804375254054


# name: robsens
# type: scalar struct
# ndims: 2
 1 1
# length: 5
# name: mat
# type: matrix
# rows: 13
# columns: 6
 2.2140598904468197e-06 2.2140598904468197e-06 7.307781429517305e-08 -7.5333850756146143e-08 -1.0531699185964201e-08 -9.2693281002957854e-09
 0.008747418891521079 0.008747418891521079 0.00027387877322888562 -0.00025291570341518194 -2.9586837800829747e-05 -1.9888658008411488e-05
 0.4477443182357993 0.4477443182357993 0.012844743595605796 -0.0096458705837009235 -0.00071933830344024681 -7.2841484037152458e-05
 0.46990517770956208 0.46990517770956208 0.012538302550669332 -0.0076792238130966983 -0.00024181224299096453 0.00040756648636438848
 0.46575930485390526 0.46575930485390526 0.011062790101721396 -0.0043864888188776072 0.00032738791398209108 0.00076767148736132604
 0.49469795367568975 0.49469795367568975 0.010147852978643689 -0.0013362186195423897 0.00078148402922551484 0.00087138578478379819
 0.42762465257450832 0.42762465257450832 0.0056061417133693291 0.0038317865053637636 0.00089324422176334625 0.00019285926189273838
 0.47927313263824689 0.47927313263824689 0.0025133004702176864 0.0075362291070476669 0.00052045364686405411 -0.00056810147331415187
 0.4753090973162189 0.4753090973162189 -0.0010996381472695811 0.0079670602862882758 -0.00023576704368626815 -0.00070976668546222899
 0.49934269424324162 0.49934269424324162 -0.0050830577918724211 0.0060710166967269542 -0.0009246306588393679 -0.0001210243482539863
 0.50343101830495207 0.50343101830495207 -0.0084634782061643078 0.0018987929796726514 -0.0010384944331426227 0.00063948784114207656
 0.48438472067187205 0.48438472067187205 -0.012476400810720987 -0.0068146015702508543 4.0381176147470435e-05 0.00058033184988622543
 0.51549521194058223 0.51549521194058223 -0.017014563847521889 -0.017539832381861454 0.0024520748184763135 -0.0021581594401425437


# name: mean
# type: matrix
# rows: 1
# columns: 6
 0.40551668577815303 0.40551668577815303 0.00083461111213240121 -0.0015654108653458886 0.00014041428883533109 -1.4652972855078629e-05


# name: median
# type: matrix
# rows: 1
# columns: 6
 0.4753090973162189 0.4753090973162189 0.00027387877322888562 -0.00025291570341518194 -1.0531699185964201e-08 -9.2693281002957854e-09


# name: absmean
# type: matrix
# rows: 1
# columns: 6
 0.40551668577815303 0.40551668577815303 0.0076249401588322774 0.0057661624922842446 0.00063112814292755977 0.00054685338999824066


# name: absmedian
# type: matrix
# rows: 1
# columns: 6
 0.4753090973162189 0.4753090973162189 0.0084634782061643078 0.0060710166967269542 0.00052045364686405411 0.00056810147331415187




# name: x
# type: matrix
# rows: 13
# columns: 5
 1 -1 1 -1 1
 1 -0.94859813084112155 0.84975762075290429 -0.71106539729625828 0.54308357130212448
 1 -0.86915887850467288 0.63315573412525095 -0.33774896064872806 0.038858838149804675
 1 -0.80841121495327106 0.48029303869333573 -0.10818298827061594 -0.2071711822960346
 1 -0.71962616822429903 0.27679273298978058 0.14777195575992044 -0.39369054075774923
 1 -0.62149532710280375 0.079384662415931562 0.33210155684331077 -0.42073773678989534
 1 -0.39719626168224309 -0.2633526945584766 0.43913535075911625 -0.10772558854571523
 1 -0.15887850467289721 -0.46213643112935626 0.22829157833643396 0.28312873030487784
 1 0.070093457943925172 -0.49263036073019478 -0.10427924774885444 0.35668150768125628
 1 0.3084112149532709 -0.35732378373657103 -0.38927858042534008 0.057891547899966755
 1 0.50934579439252348 -0.11085029260197382 -0.43366574683500908 -0.30341247311290281
 1 0.78037383177570097 0.41347497598043514 0.017525864398229452 -0.28617196156297797
 1 1 1 1 1


# name: y
# type: matrix
# rows: 13
# columns: 1
 294.27999999999997
 299.48000000000002
 303.19
 304.56999999999999
 305.49000000000001
 305.92000000000002
 306.05000000000001
 305.69
 304.81
 302.73000000000002
 300.62
 296.64999999999998
 292.70999999999998




