# Created by Octave 7.3.0, Wed Mar 22 14:11:54 2023 CET <parmar@uchp-parmar.icpf.cas.cz>
# name: rdata
# type: matrix
# rows: 13
# columns: 3
 0.019 294.27999999999997 -6.8951611403032871
 0.029999999999999999 299.48000000000002 -2.7095643411857395
 0.047 303.19 -0.30634846683727801
 0.059999999999999998 304.56999999999999 0.26879651805694493
 0.079000000000000001 305.49000000000001 0.28194858833109038
 0.10000000000000001 305.92000000000002 0.035760781657018015
 0.14799999999999999 306.05000000000001 -0.35744499521393891
 0.19900000000000001 305.69 -0.15118793656375829
 0.248 304.81 0.24156770649426562
 0.29899999999999999 302.73000000000002 0.064621163979722951
 0.34200000000000003 300.62 0.030559588805715521
 0.40000000000000002 296.64999999999998 -0.19950980966382303
 0.44700000000000001 292.70999999999998 0.085482600381340035


