# Created by Octave 7.3.0, Wed Mar 22 14:32:34 2023 CET <parmar@uchp-parmar.icpf.cas.cz>
# name: intv
# type: scalar struct
# ndims: 2
 1 1
# length: 6
# name: inf
# type: matrix
# rows: 1
# columns: 5
 4.0353569437929835 14.516387486440101 16.39207981010864 18.444715943148925 66.586496372836308


# name: fin
# type: matrix
# rows: 1
# columns: 5
 -3.5518831059540643 -0.66986180404129314 -0.51691529673159309 -0.38291091214938788 0.43576751519410095


# name: EL
# type: scalar struct
# ndims: 2
 1 1
# length: 5
# name: ddf
# type: matrix
# rows: 1
# columns: 5
 0.038213987542307322 0.11185123719725118 0.12416665579864196 0.1373384205432514 0.37906440452346835


# name: ddi
# type: matrix
# rows: 1
# columns: 5
 0.12905655170190855 0.14814694691342081 0.14832476949962853 0.14815377704525007 0.12490469200841053


# name: pdf
# type: matrix
# rows: 1
# columns: 5
 0.31517614035524205 0.49544049388229372 0.51345771030215814 0.53095030433682011 0.71012337502232958


# name: Ptolerance
# type: scalar
0.035509810454526392


# name: Ptypical
# type: scalar
0.39494723466708753




# name: LB
# type: scalar
-122.47460009407997


# name: UB
# type: scalar
0.77193360727460636


# name: robmed
# type: scalar
-0.6048823764567457




