# Created by Octave 7.3.0, Wed Mar 22 15:02:58 2023 CET <parmar@uchp-parmar.icpf.cas.cz>
# name: intv
# type: scalar struct
# ndims: 2
 1 1
# length: 6
# name: inf
# type: matrix
# rows: 1
# columns: 5
 4.0353736808517908 14.516417883210639 16.392113452535412 18.444753258116425 66.58649351751599


# name: fin
# type: matrix
# rows: 1
# columns: 5
 -3.551866939101183 -0.66985771060135768 -0.51691155704105096 -0.38290746877676618 0.43576861619950336


# name: EL
# type: scalar struct
# ndims: 2
 1 1
# length: 5
# name: ddf
# type: matrix
# rows: 1
# columns: 5
 0.038214162056134607 0.11185163072299918 0.12416709145555609 0.13733890169270266 0.37906516710423444


# name: ddi
# type: matrix
# rows: 1
# columns: 5
 0.12905677321451922 0.14814717545083336 0.14832499850277142 0.14815400557914404 0.12490492866808262


# name: pdf
# type: matrix
# rows: 1
# columns: 5
 0.31517674866098533 0.49544110097214705 0.51345833903322158 0.53095095572468132 0.71012403275551206


# name: Ptolerance
# type: scalar
0.035509854752534264


# name: Ptypical
# type: scalar
0.39494728409452673




# name: LB
# type: scalar
-118.21001669941451


# name: UB
# type: scalar
0.77193467192472909


# name: robmed
# type: scalar
-0.6048835012093674




