# Created by Octave 7.3.0, Wed Mar 22 14:26:10 2023 CET <parmar@uchp-parmar.icpf.cas.cz>
# name: coefficients
# type: matrix
# rows: 5
# columns: 1
 151.30117397623761
 151.30117397623758
 -5.4940379347988291
 -8.3368261235353742
 -5.5140935131649371


