# Created by Octave 7.3.0, Wed Mar 22 14:07:24 2023 CET <parmar@uchp-parmar.icpf.cas.cz>
# name: LegReg_result
# type: scalar struct
# ndims: 2
 1 1
# length: 17
# name: coef
# type: matrix
# rows: 6
# columns: 1
 151.3600658189626
 151.36006581896262
 -5.5906833219637235
 -8.1784515604065291
 -4.9700815897632751
 -2.2243995065132651


# name: w
# type: matrix
# rows: 33
# columns: 1
 8.9584902411503096e-05
 0.009613238288046843
 0.030415837465102433
 0.26983672610746962
 0.11315490786372265
 0.99128729633745438
 0.40576374168536
 0.91083031429814221
 0.86917144289227999
 0.76561184196138155
 0.99988012772509094
 0.71938078510111791
 0.96426114957676301
 0.78531622222738284
 0.91772224917404388
 0.93208557535384773
 0.99451225469486659
 0.95819843965098916
 0.50061511576045503
 0.98262001711183355
 0.1245235864076117
 0.98463405711940977
 0.0063329677076195056
 0.99853428109349907
 0.00033178504858806529
 0.99983611543550588
 0.99976515882046446
 1
 0.99950882597721002
 0.99377832056464011
 0.9677301318703041
 0.97965676384954847
 0.99899570911450952


# name: wx
# type: matrix
# rows: 33
# columns: 1
 1
 1
 1
 1
 1
 1
 1
 1
 1
 1
 1
 1
 1
 1
 1
 1
 1
 1
 1
 1
 1
 1
 1
 1
 1
 1
 1
 1
 1
 1
 1
 1
 1


# name: fitY
# type: matrix
# rows: 33
# columns: 1
 303.59935981282683
 302.87804548273243
 304.33277521051889
 303.1626731150223
 304.51387363596172
 303.53985669048211
 304.70833612730263
 303.78245683258865
 304.91854294759304
 304.0752920120853
 305.07953710030012
 304.32715816799515
 305.26950611879505
 304.69842232702371
 304.9169291472254
 305.51843041304346
 305.07804671470325
 305.77771506635361
 305.27383914107611
 306.01018150011629
 305.48340199582907
 306.04298891589252
 305.80567813300024
 306.10740432724543
 306.03183356428877
 305.86941736217995
 305.13173796422768
 303.41381287913873
 300.45515448102407
 299.00927900840139
 296.33450448680884
 289.89774439579185
 281.75651565927831


# name: resid
# type: matrix
# rows: 33
# columns: 1
 -15.189359812826808
 -8.5980454827324593
 -6.932775210518912
 -3.6826731150222827
 -5.0138736359617155
 -0.34985669048211321
 -2.9483361273026389
 0.78754316741134289
 -1.1285429475930187
 1.41470798791471
 -0.089537100300105976
 1.592841832004865
 0.48049388120494996
 1.3515776729763047
 0.77307085277459464
 0.69156958695651838
 -0.26804671470324593
 0.52228493364640372
 -2.5438391410760914
 0.30981849988370413
 -4.8634019958290651
 0.28701108410746201
 -9.155678133000265
 0.042595672754544012
 -13.321833564288795
 -0.029417362179970041
 -0.021737964227668272
 -0.063812879138708922
 -0.125154481024083
 0.16072099159862319
 -0.57450448680884847
 0.34225560420816237
 0.023484340721665831


# name: int
# type: scalar
1


# name: convi
# type: scalar
0.0022417483898467434


# name: Nmet
# type: scalar
1


# name: iter
# type: scalar
10


# name: method
# type: string
# elements: 1
# length: 10
wt_gnostic


# name: stdev
# type: scalar
5.0998815887268885


# name: wstdev
# type: scalar
1.0147223560613188


# name: sigma
# type: scalar
0.84245028536506406


# name: wdelta
# type: scalar
0.22752452161952005


# name: robsens
# type: scalar struct
# ndims: 2
 1 1
# length: 5
# name: mat
# type: matrix
# rows: 33
# columns: 6
 4.7014932649320235e-05 4.7014932649320242e-05 1.6066004868426215e-06 -1.9913675058154055e-06 9.1382595595994992e-07 -2.5595616577254369e-07
 0.0049444759413216719 0.0049444759413216728 0.00018263072912548113 -0.000267165297259197 0.00016235754598827322 -7.2664409759160746e-05
 0.015479970277931316 0.015479970277931319 0.0004592592021930885 -0.00039123368913907632 4.6095984204293319e-05 5.0807570640662961e-05
 0.13637807073594224 0.13637807073594227 0.0049035817169693734 -0.0067898636814228289 0.003788322011035621 -0.0015033024235467827
 0.05718575726875362 0.05718575726875362 0.0015953495933257794 -0.0010990766919439004 -0.00010472135255816891 0.0002861469837943526
 0.49487552498149201 0.49487552498149212 0.017043730285988979 -0.021502201345374252 0.010205514915645761 -0.0030669322724707856
 0.20352739477877993 0.20352739477877996 0.0051445623642773202 -0.0022267380086990651 -0.0015055751587649906 0.0012612041861579716
 0.45264909978682472 0.45264909978682477 0.015064903716341173 -0.017557174002713938 0.0070947117212934504 -0.0014255100531624654
 0.43305522500456956 0.43305522500456967 0.0090289819390031254 0.0005161446861683492 -0.0056462280398437061 0.0023909606269395937
 0.37933503155930437 0.37933503155930448 0.011982437702743461 -0.012237630452535845 0.0034984914546065497 0.00015297230311982649
 0.49621929225070494 0.49621929225070505 0.0081798679765074309 0.0053955712612961315 -0.0072868207831107042 0.0014464634662707599
 0.35592809552105842 0.35592809552105847 0.01057679447609813 -0.0090560053840699536 0.0011108469762531783 0.0011473388496056384
 0.47735284077385903 0.47735284077385903 0.0057596373146772146 0.0087679014722748909 -0.006314461317590764 -0.00017297029806058209
 0.38838593394881793 0.38838593394881799 0.0098795482732467743 -0.0044369738131994985 -0.0027603264320595665 0.0023939936659526212
 0.45440315364751765 0.45440315364751777 0.0094931126920484374 0.0004943812138814385 -0.0059094262293715935 0.0025170121468409573
 0.46073130869163004 0.46073130869163015 0.0034842849485065895 0.010881974073266732 -0.0043216391368480376 -0.0015267598417585354
 0.49384679088081068 0.49384679088081079 0.0081601278929867658 0.005331792616499036 -0.0072520264615352145 0.0014533425236367794
 0.47349976785243542 0.47349976785243553 0.0016220171224652748 0.012462235031576769 -0.0021319373252819567 -0.0023872750957439973
 0.25029939837964543 0.25029939837964543 0.0029979708270529907 0.0046289887337084791 -0.0032971266342640064 -0.00010684684217082868
 0.48553614019677882 0.48553614019677893 -0.00035186606700725309 0.013102359421588546 0.00046890897527512854 -0.0026655081933814944
 0.062696754156973525 0.062696754156973539 0.00051063897801506726 0.0014467757546013482 -0.00062575196534853301 -0.00018705384178043544
 0.48651544312730077 0.48651544312730083 -0.00072249842877083385 0.013080224241777622 0.00096084903210371449 -0.0026379414013285273
 0.0032312772932905887 0.0032312772932905891 9.6116005805008908e-06 8.5599460614146466e-05 -1.267843844197016e-05 -1.6661507587772996e-05
 0.4936737367591133 0.49367373675911336 -0.0031499016733217908 0.012143375751534702 0.0039914616462243266 -0.0019370575611251679
 0.00017156573670881512 0.00017156573670881512 -2.0844510211979562e-07 4.6200680077137579e-06 2.7745829717466498e-07 -9.3528671488744377e-07
 0.49481840256504728 0.49481840256504739 -0.0050608791639932121 0.010293248554938985 0.0058862158986517452 -0.00082310528392372478
 0.49596709463003857 0.49596709463003869 -0.0071668439639201833 0.0072468833917899286 0.0071190528089881576 0.00070310691042731307
 0.49896181249039917 0.49896181249039923 -0.0095945144176107448 0.0025199205001625413 0.0070150175924174329 0.0023463119149878787
 0.50373163415757516 0.50373163415757527 -0.01204582679035825 -0.003503586188710084 0.0048417022521400101 0.0031697869132582771
 0.50278554671297937 0.50278554671297948 -0.012865772676254768 -0.0059748502183927556 0.0034326113227478418 0.003081358184089862
 0.49525188144063625 0.49525188144063637 -0.013940425635255551 -0.0099314836144274027 0.00059626932155781983 0.0023817942254457944
 0.51089068445513897 0.51089068445513908 -0.016721841730539363 -0.018712525284063888 -0.0068844430706724215 -0.00096102174512024908
 0.53661741885312442 0.53661741885312453 -0.019820670912271323 -0.028995095521495474 -0.017620449223232807 -0.0078861720575029819


# name: mean
# type: matrix
# rows: 1
# columns: 6
 0.35148465272088353 0.35148465272088358 0.00074664866812831541 -0.0010388363129474434 -0.00034709063107690919 -7.8647684852601869e-05


# name: median
# type: matrix
# rows: 1
# columns: 6
 0.46073130869163004 0.46073130869163015 0.00051063897801506726 4.6200680077137579e-06 9.1382595595994992e-07 -9.3528671488744377e-07


