# Created by Octave 7.3.0, Wed Mar 22 14:59:51 2023 CET <parmar@uchp-parmar.icpf.cas.cz>
# name: coefficients
# type: matrix
# rows: 5
# columns: 1
 151.30117397623766
 151.30117397623769
 -5.4940379347988149
 -8.3368261235354453
 -5.5140935131649229


