# Created by Octave 7.3.0, Wed Mar 22 14:26:10 2023 CET <parmar@uchp-parmar.icpf.cas.cz>
# name: LegReg_result
# type: scalar struct
# ndims: 2
 1 1
# length: 17
# name: coef
# type: matrix
# rows: 5
# columns: 1
 151.30117397623761
 151.30117397623758
 -5.4940379347988291
 -8.3368261235353742
 -5.5140935131649371


# name: w
# type: matrix
# rows: 33
# columns: 1
 0.00015237161422297348
 0.0037918937440111701
 0.077652055312239593
 0.12416152794513924
 0.28796601488147139
 0.87427406969192001
 0.78983900768674864
 0.97408696650201221
 0.99524324910224105
 0.74053183760524877
 0.93008201146002056
 0.57429172255140681
 0.92780909622422558
 0.50025615963769832
 0.65033575858351589
 0.97155090632480301
 0.95513015360262532
 1
 0.63628848065880195
 0.98499159473215858
 0.15312125566696252
 0.98250067901716132
 0.0078848938345839354
 0.97062544240884752
 0.00049720130183729253
 0.98878496876037203
 0.99877260907327492
 0.96559258536938597
 0.92740857802918064
 0.86971028150916796
 0.98720847890208152
 0.97084627142974089
 0.83139929796909207


# name: wx
# type: matrix
# rows: 33
# columns: 1
 1
 1
 1
 1
 1
 1
 1
 1
 1
 1
 1
 1
 1
 1
 1
 1
 1
 1
 1
 1
 1
 1
 1
 1
 1
 1
 1
 1
 1
 1
 1
 1
 1


# name: fitY
# type: matrix
# rows: 33
# columns: 1
 304.41406199723281
 305.27365327690353
 303.6158336681745
 304.9335428043554
 303.47904414943923
 304.4843010075881
 303.43185242358322
 304.20024814947209
 303.69800955633593
 303.87205724108253
 304.26599413594363
 303.62084064360056
 305.00967890341053
 303.42987097819434
 303.69380668962873
 305.79625877130525
 304.25994618459333
 306.41663897542702
 305.02529547744058
 306.8203301578252
 305.69816889828473
 306.86130557575871
 306.4732141684625
 306.8062662124795
 306.84808819605297
 306.28822885956663
 305.11782372413734
 302.88231750576369
 299.58634541930002
 298.10910658135521
 295.52361086795048
 289.81971136199326
 283.25739038097601


# name: resid
# type: matrix
# rows: 33
# columns: 1
 -16.004061997232782
 -10.993653276903558
 -6.2158336681745254
 -5.4535428043553793
 -3.9790441494392326
 -1.2943010075881034
 -1.6718524235832319
 0.36975185052790494
 0.091990443664087707
 1.6179427589174793
 0.72400586405638023
 2.299159356399457
 0.74032109658946865
 2.620129021805667
 1.9961933103712681
 0.4137412286947324
 0.55005381540667031
 -0.11663897542700852
 -2.2952954774405612
 -0.50033015782520351
 -5.0781688982847299
 -0.53130557575872217
 -9.8232141684625276
 -0.65626621247952244
 -14.13808819605299
 -0.44822885956665459
 -0.0078237241373244615
 0.46768249423632824
 0.74365458069996748
 1.0608934186448096
 0.23638913204950995
 0.42028863800675254
 -1.4773903809760327


# name: int
# type: scalar
1


# name: convi
# type: scalar
0.0020999728578038617


# name: Nmet
# type: scalar
1


# name: iter
# type: scalar
11


# name: method
# type: string
# elements: 1
# length: 10
wt_gnostic


# name: stdev
# type: scalar
5.4084712779822262


# name: wstdev
# type: scalar
1.2111748478783755


# name: sigma
# type: scalar
1.2446801921130233


# name: wdelta
# type: scalar
0.28292036490955663


# name: robsens
# type: scalar struct
# ndims: 2
 1 1
# length: 5
# name: mat
# type: matrix
# rows: 33
# columns: 5
 7.9934829279810915e-05 7.9934829279810915e-05 2.6853685525321984e-06 -3.4526322098179861e-06 1.7244211535936627e-06
 0.0019495649553555835 0.001949564955355583 7.0792470009255578e-05 -0.00010742272265441988 7.1050892675216467e-05
 0.03950520218698584 0.039505202186985833 0.0011522263544113513 -0.0010181671461647638 0.00013056503134201128
 0.062728011689538524 0.06272801168953851 0.0022173087330222491 -0.0031847599458420623 0.0019339421796533023
 0.14547444446352364 0.14547444446352362 0.0039897939539344143 -0.0028511856519302403 -0.00029567437846000926
 0.43628976259563468 0.43628976259563462 0.014772005852467853 -0.019331281248757697 0.00998604658420074
 0.39602190189299985 0.39602190189299974 0.0098410296192772799 -0.0044183907596818664 -0.0032514598155482192
 0.48389697470764187 0.48389697470764181 0.015832641471137568 -0.01914011431608657 0.0084179359754795683
 0.49567619731095214 0.49567619731095203 0.010159897738769942 0.00060245541185587536 -0.0071728676029021929
 0.36676597072393424 0.36676597072393419 0.011389562269797053 -0.012065965661460504 0.0037542787810929731
 0.46140037453058003 0.46140037453057992 0.0074773268151091974 0.0051161161855417673 -0.0075200721075786275
 0.28403181167254044 0.28403181167254038 0.0082976392528189124 -0.0073695344478973204 0.0009838719275327098
 0.45912871785627912 0.45912871785627901 0.005446103046390505 0.0085998183043218754 -0.006740791166248249
 0.24731038798244692 0.24731038798244689 0.0061846015452704682 -0.0028811402494766801 -0.0019508277690562419
 0.32188348900000985 0.32188348900000974 0.0066109180066875059 0.00035712313957299047 -0.0046460330799536955
 0.4800522278979143 0.48005222789791424 0.0035690300124963876 0.011562376821181055 -0.0049976850389780768
 0.47410620891762528 0.47410620891762523 0.0077015146066046637 0.0052198175581760053 -0.0077272044981867519
 0.49396400253423961 0.49396400253423955 0.0016635150566716619 0.013257759492066645 -0.0024684798280336781
 0.31801008856483759 0.31801008856483753 0.0037445899342105648 0.0059974396138064842 -0.0046493938681166818
 0.48651862313822819 0.48651862313822808 -0.0003466179626207577 0.013388320006918492 0.00052149010443416292
 0.077065483810548382 0.077065483810548369 0.0006170560073298694 0.0018134882318210836 -0.00085368311699526367
 0.48527243876782267 0.48527243876782256 -0.00070847034077379286 0.013304631589058929 0.0010637112969484057
 0.0040215529878663316 0.0040215529878663307 1.1760101025712934e-05 0.0001086398763714127 -1.7513177596224361e-05
 0.47968893982578359 0.47968893982578348 -0.0030089325310998067 0.012032552996413358 0.0043045847313786254
 0.00025700229124558786 0.0002570022912455878 -3.0696856333647842e-07 7.057542014707441e-06 4.6130033623399045e-07
 0.48915879735646656 0.48915879735646645 -0.0049184217316564464 0.010376601862928634 0.0064583240459866794
 0.4952819254960385 0.49528192549603839 -0.0070359595787429056 0.0073798843645494902 0.0078904441287606895
 0.48160636805386031 0.4816063680538602 -0.0091042396894932768 0.0024803354466400389 0.0075150745899261436
 0.4672127546746852 0.46721275467468509 -0.010983679457053046 -0.0033138049229666719 0.0049841736197747261
 0.43984419096681215 0.4398441909668121 -0.011064905788645564 -0.005330178663363494 0.0033328849742357996
 0.50502367398289405 0.50502367398289394 -0.013975179926393451 -0.010327576043188246 0.00067485067555490494
 0.50609902362793824 0.50609902362793824 -0.016284986213650002 -0.018903341659272176 -0.0075693039935012946
 0.4464180915101974 0.44641809151019735 -0.016210303364352717 -0.024598024651847909 -0.016269477875581164


# name: mean
# type: matrix
# rows: 1
# columns: 5
 0.34338618608493054 0.34338618608493049 0.00082151498978635874 -0.0007042400690776238 -0.00042742581988696626


# name: median
# type: matrix
# rows: 1
# columns: 5
 0.4464180915101974 0.44641809151019735 0.0011522263544113513 7.057542014707441e-06 1.7244211535936627e-06


# name: absmean
# type: matrix
# rows: 1
# columns: 5
 0.34338618608493054 0.34338618608493049 0.0064967879323951519 0.0074681442171527068 0.0041865418962788751


# name: absmedian
# type: matrix
# rows: 1
# columns: 5
 0.4464180915101974 0.44641809151019735 0.0061846015452704682 0.005330178663363494 0.0037542787810929731




