# Created by Octave 7.3.0, Wed Mar 22 14:59:51 2023 CET <parmar@uchp-parmar.icpf.cas.cz>
# name: LegReg_result
# type: scalar struct
# ndims: 2
 1 1
# length: 17
# name: coef
# type: matrix
# rows: 5
# columns: 1
 151.30117397623766
 151.30117397623769
 -5.4940379347988149
 -8.3368261235354453
 -5.5140935131649229


# name: w
# type: matrix
# rows: 33
# columns: 1
 0.0037918937440114806
 0.12416152794514373
 0.87427406969194565
 0.0001523716142229821
 0.97408696650198823
 0.74053183760523889
 0.57429172255136796
 0.077652055312241272
 0.28796601488148094
 0.50025615963767778
 0.7898390076867583
 0.65033575858349391
 0.99524324910224105
 0.95513015360261799
 0.93008201146001135
 0.92780909622422514
 0.63628848065881194
 0.15312125566696377
 0.97155090632479668
 1
 0.0078848938345833803
 0.98499159473216247
 0.00049720130183727985
 0.98250067901717031
 0.97062544240885917
 0.98878496876037159
 0.99877260907327492
 0.96559258536937287
 0.92740857802918986
 0.86971028150917085
 0.98720847890208152
 0.97084627142974089
 0.83139929796910617


# name: wx
# type: matrix
# rows: 33
# columns: 1
 1
 1
 1
 1
 1
 1
 1
 1
 1
 1
 1
 1
 1
 1
 1
 1
 1
 1
 1
 1
 1
 1
 1
 1
 1
 1
 1
 1
 1
 1
 1
 1
 1


# name: fitY
# type: matrix
# rows: 33
# columns: 1
 305.27365327690364
 304.93354280435545
 304.48430100758816
 304.41406199723292
 304.2002481494722
 303.87205724108264
 303.62084064360067
 303.61583366817462
 303.47904414943935
 303.42987097819446
 303.43185242358339
 303.69380668962884
 303.69800955633616
 304.25994618459356
 304.26599413594386
 305.0096789034107
 305.02529547744081
 305.69816889828496
 305.79625877130536
 306.41663897542725
 306.47321416846268
 306.82033015782542
 306.8480881960532
 306.86130557575893
 306.80626621247967
 306.28822885956686
 305.11782372413757
 302.88231750576387
 299.58634541930019
 298.10910658135538
 295.52361086795065
 289.81971136199343
 283.25739038097618


# name: resid
# type: matrix
# rows: 33
# columns: 1
 -10.993653276903672
 -5.4535428043554361
 -1.2943010075881602
 -16.004061997232895
 0.36975185052779125
 1.6179427589173656
 2.2991593563993433
 -6.2158336681746391
 -3.9790441494393463
 2.6201290218055533
 -1.6718524235834025
 1.9961933103711544
 0.091990443663860333
 0.55005381540644294
 0.72400586405615286
 0.74032109658929812
 -2.2952954774407885
 -5.0781688982849573
 0.41374122869461871
 -0.11663897542723589
 -9.8232141684626981
 -0.50033015782543089
 -14.138088196053218
 -0.53130557575894954
 -0.65626621247969297
 -0.44822885956688197
 -0.0078237241375518352
 0.46768249423615771
 0.74365458069979695
 1.060893418644639
 0.23638913204933942
 0.420288638006582
 -1.4773903809762032


# name: int
# type: scalar
1


# name: convi
# type: scalar
0.0020999728578176696


# name: Nmet
# type: scalar
1


# name: iter
# type: scalar
11


# name: method
# type: string
# elements: 1
# length: 10
wt_gnostic


# name: stdev
# type: scalar
5.4084712779822928


# name: wstdev
# type: scalar
1.2111748478783815


# name: sigma
# type: scalar
1.2446801921130357


# name: wdelta
# type: scalar
0.28292036490955846


# name: robsens
# type: scalar struct
# ndims: 2
 1 1
# length: 5
# name: mat
# type: matrix
# rows: 33
# columns: 5
 0.0019495649553557437 0.0019495649553557442 7.0792470009261189e-05 -0.0001074227226544296 7.1050892675222105e-05
 0.062728011689540814 0.062728011689540827 0.0022173087330223237 -0.0031847599458422055 0.0019339421796533674
 0.43628976259564761 0.43628976259564772 0.014772005852468247 -0.019331281248758426 0.0099860465842010072
 7.9934829279815483e-05 7.9934829279815496e-05 2.6853685525323437e-06 -3.452632209818211e-06 1.7244211535937556e-06
 0.48389697470763016 0.48389697470763021 0.015832641471137134 -0.019140114316086265 0.0084179359754793376
 0.36676597072392952 0.36676597072392952 0.011389562269796871 -0.012065965661460445 0.0037542787810929132
 0.28403181167252134 0.28403181167252139 0.0082976392528183313 -0.0073695344478968859 0.00098387192753264063
 0.039505202186986707 0.039505202186986721 0.0011522263544113732 -0.0010181671461647946 0.00013056503134201378
 0.14547444446352853 0.14547444446352856 0.0039897939539345366 -0.0028511856519303595 -0.00029567437846001832
 0.24731038798243685 0.2473103879824369 0.0061846015452701976 -0.002881140249476586 -0.0019508277690561567
 0.39602190189300485 0.3960219018930049 0.0098410296192773753 -0.0044183907596819583 -0.0032514598155482504
 0.32188348899999902 0.32188348899999913 0.0066109180066872657 0.00035712313957298147 -0.0046460330799535264
 0.4956761973109523 0.49567619731095242 0.010159897738769916 0.00060245541185588046 -0.0071728676029021747
 0.47410620891762184 0.47410620891762195 0.0077015146066045847 0.0052198175581760096 -0.007727204498186673
 0.46140037453057553 0.46140037453057564 0.0074773268151091046 0.0051161161855417595 -0.0075200721075785329
 0.45912871785627901 0.45912871785627912 0.0054461030463904894 0.0085998183043219448 -0.006740791166248229
 0.3180100885648427 0.31801008856484281 0.0037445899342106138 0.005997439613806629 -0.0046493938681167425
 0.077065483810549049 0.077065483810549049 0.00061705600732987287 0.001813488231821114 -0.00085368311699526845
 0.48005222789791147 0.48005222789791152 0.0035690300124963559 0.011562376821181077 -0.0049976850389780317
 0.49396400253423983 0.49396400253423994 0.0016635150566716576 0.013257759492066758 -0.002468479828033672
 0.0040215529878660505 0.0040215529878660514 1.1760101025712074e-05 0.00010863987637140599 -1.751317759622308e-05
 0.4865186231382303 0.48651862313823041 -0.00034661796262075824 0.013388320006918661 0.00052149010443416357
 0.00025700229124558141 0.00025700229124558146 -3.0696856333646979e-07 7.0575420147073207e-06 4.6130033623397743e-07
 0.48527243876782733 0.48527243876782739 -0.00070847034077379763 0.013304631589059165 0.0010637112969484129
 0.47968893982578953 0.47968893982578964 -0.0030089325310998357 0.012032552996413605 0.0043045847313786662
 0.48915879735646656 0.48915879735646667 -0.0049184217316564308 0.010376601862928717 0.0064583240459866603
 0.49528192549603867 0.49528192549603878 -0.0070359595787428874 0.0073798843645495526 0.0078904441287606687
 0.48160636805385393 0.48160636805385404 -0.0091042396894931311 0.0024803354466400264 0.0075150745899260222
 0.46721275467469003 0.46721275467469009 -0.010983679457053126 -0.003313804922966733 0.0049841736197747625
 0.43984419096681376 0.43984419096681387 -0.011064905788645572 -0.0053301786633635573 0.0033328849742358022
 0.50502367398289427 0.50502367398289438 -0.013975179926393414 -0.010327576043188333 0.00067485067555490309
 0.50609902362793846 0.50609902362793857 -0.01628498621364996 -0.018903341659272339 -0.0075693039935012746
 0.44641809151020512 0.44641809151020517 -0.016210303364352949 -0.024598024651848537 -0.016269477875581397


# name: mean
# type: matrix
# rows: 1
# columns: 5
 0.34338618608493005 0.34338618608493021 0.00082151498978632058 -0.00070424006907762683 -0.00042742581988696327


# name: median
# type: matrix
# rows: 1
# columns: 5
 0.44641809151020512 0.44641809151020517 0.0011522263544113732 7.0575420147073207e-06 1.7244211535937556e-06


# name: absmean
# type: matrix
# rows: 1
# columns: 5
 0.34338618608493005 0.34338618608493021 0.0064967879323951207 0.0074681442171527787 0.0041865418962788664


# name: absmedian
# type: matrix
# rows: 1
# columns: 5
 0.44641809151020512 0.44641809151020517 0.0061846015452701976 0.0053301786633635573 0.0037542787810929132




