# Created by Octave 7.3.0, Wed Mar 22 14:07:24 2023 CET <parmar@uchp-parmar.icpf.cas.cz>
# name: coefficients
# type: matrix
# rows: 6
# columns: 1
 151.3600658189626
 151.36006581896262
 -5.5906833219637235
 -8.1784515604065291
 -4.9700815897632751
 -2.2243995065132651


