# Created by Octave 7.3.0, Wed Mar 22 14:08:06 2023 CET <parmar@uchp-parmar.icpf.cas.cz>
# name: rdata
# type: matrix
# rows: 33
# columns: 3
 0.050009999999999999 288.41000000000003 -15.189359812826808
 0.019 294.27999999999997 -8.5980454827324593
 0.10054 297.39999999999998 -6.932775210518912
 0.029999999999999999 299.48000000000002 -3.6826731150222827
 0.12039999999999999 299.5 -5.0138736359617155
 0.047 303.19 -0.34985669048211321
 0.14979999999999999 301.75999999999999 -2.9483361273026389
 0.059999999999999998 304.56999999999999 0.78754316741134289
 0.19947000000000001 303.79000000000002 -1.1285429475930187
 0.079000000000000001 305.49000000000001 1.41470798791471
 0.24843999999999999 304.99000000000001 -0.089537100300105976
 0.10000000000000001 305.92000000000002 1.592841832004865
 0.29801 305.75 0.48049388120494996
 0.14799999999999999 306.05000000000001 1.3515776729763047
 0.19900000000000001 305.69 0.77307085277459464
 0.34853000000000001 306.20999999999998 0.69156958695651838
 0.248 304.81 -0.26804671470324593
 0.39494000000000001 306.30000000000001 0.52228493364640372
 0.29899999999999999 302.73000000000002 -2.5438391410760914
 0.4415 306.31999999999999 0.30981849988370413
 0.34200000000000003 300.62 -4.8634019958290651
 0.45002999999999999 306.32999999999998 0.28701108410746201
 0.40000000000000002 296.64999999999998 -9.155678133000265
 0.50495000000000001 306.14999999999998 0.042595672754544012
 0.44700000000000001 292.70999999999998 -13.321833564288795
 0.54810999999999999 305.83999999999997 -0.029417362179970041
 0.59548000000000001 305.11000000000001 -0.021737964227668272
 0.64908999999999994 303.35000000000002 -0.063812879138708922
 0.70164000000000004 300.32999999999998 -0.125154481024083
 0.72043999999999997 299.17000000000002 0.16072099159862319
 0.74914999999999998 295.75999999999999 -0.57450448680884847
 0.80056000000000005 290.24000000000001 0.34225560420816237
 0.84774000000000005 281.77999999999997 0.023484340721665831


