# Created by Octave 7.3.0, Wed Mar 22 14:32:34 2023 CET <parmar@uchp-parmar.icpf.cas.cz>
# name: rdata
# type: matrix
# rows: 28
# columns: 3
 0.050009999999999999 288.41000000000003 -16.004061997232782
 0.019 294.27999999999997 -10.993653276903558
 0.10054 297.39999999999998 -6.2158336681745254
 0.029999999999999999 299.48000000000002 -5.4535428043553793
 0.12039999999999999 299.5 -3.9790441494392326
 0.047 303.19 -1.2943010075881034
 0.14979999999999999 301.75999999999999 -1.6718524235832319
 0.059999999999999998 304.56999999999999 0.36975185052790494
 0.19947000000000001 303.79000000000002 0.091990443664087707
 0.24843999999999999 304.99000000000001 0.72400586405638023
 0.29801 305.75 0.74032109658946865
 0.34853000000000001 306.20999999999998 0.4137412286947324
 0.248 304.81 0.55005381540667031
 0.39494000000000001 306.30000000000001 -0.11663897542700852
 0.29899999999999999 302.73000000000002 -2.2952954774405612
 0.4415 306.31999999999999 -0.50033015782520351
 0.34200000000000003 300.62 -5.0781688982847299
 0.45002999999999999 306.32999999999998 -0.53130557575872217
 0.40000000000000002 296.64999999999998 -9.8232141684625276
 0.50495000000000001 306.14999999999998 -0.65626621247952244
 0.44700000000000001 292.70999999999998 -14.13808819605299
 0.54810999999999999 305.83999999999997 -0.44822885956665459
 0.59548000000000001 305.11000000000001 -0.0078237241373244615
 0.64908999999999994 303.35000000000002 0.46768249423632824
 0.70164000000000004 300.32999999999998 0.74365458069996748
 0.74914999999999998 295.75999999999999 0.23638913204950995
 0.80056000000000005 290.24000000000001 0.42028863800675254
 0.84774000000000005 281.77999999999997 -1.4773903809760327


