# Created by Octave 7.3.0, Wed Mar 22 11:21:59 2023 CET <parmar@uchp-parmar.icpf.cas.cz>
# name: intv
# type: scalar struct
# ndims: 2
 1 1
# length: 6
# name: inf
# type: matrix
# rows: 1
# columns: 5
 3.8909225462653856 7.6791048011484824 8.2579931169454586 8.9283826540911218 17.526550453946577


# name: fin
# type: matrix
# rows: 1
# columns: 5
 -1.3488634389980874 -0.10671097823344589 -0.0049598044972096744 0.098365792808453811 0.76964595503202293


# name: EL
# type: scalar struct
# ndims: 2
 1 1
# length: 5
# name: ddf
# type: matrix
# rows: 1
# columns: 5
 0.10471869671829027 0.20144853331910861 0.21288445288439464 0.22529690195914073 0.33795463838888157


# name: ddi
# type: matrix
# rows: 1
# columns: 5
 0.23507253230171893 0.28961626033876414 0.29011677425940474 0.2895668047072697 0.2511365178382311


# name: pdf
# type: matrix
# rows: 1
# columns: 5
 0.28174840675092266 0.46490764074520063 0.48598086443895416 0.50861113619732745 0.6937495760117881


# name: Ptolerance
# type: scalar
0.043703495452126817


# name: Ptypical
# type: scalar
0.41200116926086544




# name: LB
# type: scalar
-75.181031762396742


# name: UB
# type: scalar
1.5702662343249232


# name: robmed
# type: scalar
0.033263929442144402




