# Created by Octave 7.3.0, Tue Mar 21 15:47:42 2023 CET <parmar@nirmal>
# name: intv
# type: scalar struct
# ndims: 2
 1 1
# length: 6
# name: inf
# type: matrix
# rows: 1
# columns: 5
 3.8908935872547947 7.6790495396653915 8.2579344161167878 8.9283201027738173 17.526431728758681


# name: fin
# type: matrix
# rows: 1
# columns: 5
 -1.3488589072150172 -0.10670976724076997 -0.0049586261297864809 0.098366966314387128 0.76964696915565778


# name: EL
# type: scalar struct
# ndims: 2
 1 1
# length: 5
# name: ddf
# type: matrix
# rows: 1
# columns: 5
 0.10471911576686395 0.20144875614285362 0.21288465110926022 0.22529707393945023 0.33795443667856562


# name: ddi
# type: matrix
# rows: 1
# columns: 5
 0.23507241424959424 0.28961611153865729 0.29011662560246143 0.28956665582004798 0.25113639019198658


# name: pdf
# type: matrix
# rows: 1
# columns: 5
 0.28174885261809568 0.46490806190959549 0.48598130030574649 0.50861159016410262 0.69375000136381648


# name: Ptolerance
# type: scalar
0.043703528254507129


# name: Ptypical
# type: scalar
0.4120011487457208




# name: LB
# type: scalar
-62.453230491018758


# name: UB
# type: scalar
1.5702680555182553


# name: robmed
# type: scalar
0.033263238976279474




