# Created by Octave 7.3.0, Tue Mar 21 17:13:43 2023 CET <parmar@nirmal>
# name: intv
# type: scalar struct
# ndims: 2
 1 1
# length: 6
# name: inf
# type: matrix
# rows: 1
# columns: 5
 3.8909202278677504 7.6790996589171296 8.2579876145231523 8.928376752277611 17.526537540706336


# name: fin
# type: matrix
# rows: 1
# columns: 5
 -1.3488629078039085 -0.10671086940959462 -0.0049596974983909803 0.098365902155519436 0.7696460313172615


# name: EL
# type: scalar struct
# ndims: 2
 1 1
# length: 5
# name: ddf
# type: matrix
# rows: 1
# columns: 5
 0.10471874557929926 0.20144856274608686 0.21288447995909143 0.22529692650485517 0.33795460917206127


# name: ddi
# type: matrix
# rows: 1
# columns: 5
 0.2350725515975684 0.28961628142093288 0.29011679545500618 0.28956682576236159 0.25113653899948424


# name: pdf
# type: matrix
# rows: 1
# columns: 5
 0.2817484533019457 0.46490768152810424 0.4859809077236199 0.50861118266863248 0.69374961610559249


# name: Ptolerance
# type: scalar
0.043703501140528234


# name: Ptypical
# type: scalar
0.41200116280364679




# name: LB
# type: scalar
-71.929381358586397


# name: UB
# type: scalar
1.5702665198069532


# name: robmed
# type: scalar
0.033263854381128333




