# Created by Octave 7.3.0, Tue Mar 21 17:57:13 2023 CET <parmar@nirmal>
# name: intv
# type: scalar struct
# ndims: 2
 1 1
# length: 6
# name: inf
# type: matrix
# rows: 1
# columns: 5
 3.8909220931519304 7.6791036162793498 8.2579919490360556 8.9283815661911614 17.526547537502054


# name: fin
# type: matrix
# rows: 1
# columns: 5
 -1.348863379795306 -0.10671119643911187 -0.0049600175841302274 0.098365591770812166 0.76964563637183137


# name: EL
# type: scalar struct
# ndims: 2
 1 1
# length: 5
# name: ddf
# type: matrix
# rows: 1
# columns: 5
 0.10471870324594895 0.20144852939301636 0.21288444989453773 0.22529690089852356 0.33795463399734782


# name: ddi
# type: matrix
# rows: 1
# columns: 5
 0.23507249790428553 0.28961621865097475 0.29011673268683746 0.28956676295465472 0.2511364959044825


# name: pdf
# type: matrix
# rows: 1
# columns: 5
 0.2817483840261073 0.46490758120095194 0.4859808056022395 0.50861107978787623 0.6937494834247907


# name: Ptolerance
# type: scalar
0.043703498586924294


# name: Ptypical
# type: scalar
0.4120010993986834




# name: LB
# type: scalar
-73.941227733737406


# name: UB
# type: scalar
1.570265870605394


# name: robmed
# type: scalar
0.033263956248053006




