# Created by Octave 7.3.0, Wed Mar 22 13:41:09 2023 CET <parmar@uchp-parmar.icpf.cas.cz>
# name: intv
# type: scalar struct
# ndims: 2
 1 1
# length: 6
# name: inf
# type: matrix
# rows: 1
# columns: 5
 3.7366144412074327 6.2141859216849156 6.5071701844351644 6.8169035959721969 11.331986340961462


# name: fin
# type: matrix
# rows: 1
# columns: 5
 -0.091748794083670371 0.0005941545834384776 0.0075864772645531375 0.014426399105173571 0.076029832102300854


# name: EL
# type: scalar struct
# ndims: 2
 1 1
# length: 5
# name: ddf
# type: matrix
# rows: 1
# columns: 5
 1.551540599119694 2.6349693977077968 2.7222085646408267 2.805385384494512 3.3077100311649836


# name: ddi
# type: matrix
# rows: 1
# columns: 5
 0.3257820013022783 0.40613364570628024 0.40678694294241485 0.40612554458796046 0.32905773542265376


# name: pdf
# type: matrix
# rows: 1
# columns: 5
 0.32524813847598055 0.51616117837215592 0.53489179994211045 0.55379740242418696 0.74514135013144145


# name: Ptolerance
# type: scalar
0.037636224052031042


# name: Ptypical
# type: scalar
0.4198932116554609




# name: LB
# type: scalar
-5.9978626811982787


# name: UB
# type: scalar
0.18803173616681101


# name: robmed
# type: scalar
-0.0037443678213418541




