# Created by Octave 7.3.0, Wed Mar 22 13:06:27 2023 CET <parmar@uchp-parmar.icpf.cas.cz>
# name: intv
# type: scalar struct
# ndims: 2
 1 1
# length: 6
# name: inf
# type: matrix
# rows: 1
# columns: 5
 3.8909212689647634 7.6791086996876965 8.2579975701538579 8.9283876711889363 17.526575110272322


# name: fin
# type: matrix
# rows: 1
# columns: 5
 -1.3488646910979081 -0.10671093534540343 -0.0049597720426266534 0.098365796656998405 0.76964617221061093


# name: EL
# type: scalar struct
# ndims: 2
 1 1
# length: 5
# name: ddf
# type: matrix
# rows: 1
# columns: 5
 0.10471858275855921 0.20144844579330662 0.21288436707259009 0.22529681778157032 0.33795474301133843


# name: ddi
# type: matrix
# rows: 1
# columns: 5
 0.23507229109585576 0.28961598368026054 0.29011649668127226 0.28956652824347512 0.25113624852711902


# name: pdf
# type: matrix
# rows: 1
# columns: 5
 0.28174834406079363 0.46490762391452056 0.48598083661262426 0.50861109330612697 0.69374958109623497


# name: Ptolerance
# type: scalar
0.043703469391606409


# name: Ptypical
# type: scalar
0.41200123703544134




# name: LB
# type: scalar
-75.057938204654533


# name: UB
# type: scalar
1.5702652589041621


# name: robmed
# type: scalar
0.033264055496004197




