# Created by Octave 7.3.0, Tue Mar 21 21:35:35 2023 CET <parmar@nirmal>
# name: intv
# type: scalar struct
# ndims: 2
 1 1
# length: 6
# name: inf
# type: matrix
# rows: 1
# columns: 5
 0.56231249652790671 1.5125519868237114 1.7135845911047565 1.9664527537492313 5.2219578419522596


# name: fin
# type: matrix
# rows: 1
# columns: 5
 -0.94891861811633205 -0.076807523700350155 0.026960881712928764 0.1377567820935468 0.77734703378547421


# name: EL
# type: scalar struct
# ndims: 2
 1 1
# length: 5
# name: ddf
# type: matrix
# rows: 1
# columns: 5
 0.18972272183464198 0.23991760763937636 0.24728097007476874 0.25602310776890064 0.34944030340295662


# name: ddi
# type: matrix
# rows: 1
# columns: 5
 0.16519709745207678 0.20223029647524871 0.2026603452594144 0.20217112303858464 0.17769345032955339


# name: pdf
# type: matrix
# rows: 1
# columns: 5
 0.24264886268459568 0.42927602556393651 0.45454808132026492 0.4824203770018094 0.67046684153306657


# name: Ptolerance
# type: scalar
0.053144351437872883


# name: Ptypical
# type: scalar
0.42781797884847089




# name: LB
# type: scalar
-2.6108278266322889


# name: UB
# type: scalar
1.4224829806833066


# name: robmed
# type: scalar
0.16766675759425587




