# Created by Octave 7.3.0, Wed Mar 22 13:48:41 2023 CET <parmar@uchp-parmar.icpf.cas.cz>
# name: intv
# type: scalar struct
# ndims: 2
 1 1
# length: 6
# name: inf
# type: matrix
# rows: 1
# columns: 5
 3.7367556239247199 6.2146267090187015 6.5076565078835706 6.8174396641359172 11.333252020403611


# name: fin
# type: matrix
# rows: 1
# columns: 5
 -0.091751164976131783 0.00059275986737106212 0.0075851447285681939 0.01442511060452728 0.076026587274762858


# name: EL
# type: scalar struct
# ndims: 2
 1 1
# length: 5
# name: ddf
# type: matrix
# rows: 1
# columns: 5
 1.5514867239749459 2.6349576212953187 2.7222066276831582 2.8053940711874827 3.3078585398567024


# name: ddi
# type: matrix
# rows: 1
# columns: 5
 0.32575762999413899 0.40610266060843198 0.4067559245295177 0.40609455873840222 0.32903399190269778


# name: pdf
# type: matrix
# rows: 1
# columns: 5
 0.32524321878085871 0.51615421183085952 0.53488495130229663 0.55379069789595203 0.74513268888227291


# name: Ptolerance
# type: scalar
0.037636486065092511


# name: Ptypical
# type: scalar
0.4198894701014142




# name: LB
# type: scalar
-6.5162433989888076


# name: UB
# type: scalar
0.18801362318774972


# name: robmed
# type: scalar
-0.0037436258320828197




