# Created by Octave 7.3.0, Tue Mar 21 20:53:04 2023 CET <parmar@nirmal>
# name: intv
# type: scalar struct
# ndims: 2
 1 1
# length: 6
# name: inf
# type: matrix
# rows: 1
# columns: 5
 3.8909031832510554 7.6790907251622453 8.2579796809804407 8.9283699412974045 17.526580642005577


# name: fin
# type: matrix
# rows: 1
# columns: 5
 -1.3488659621120038 -0.10671107622930798 -0.0049599378445108755 0.098365592829551929 0.76964606350308529


# name: EL
# type: scalar struct
# ndims: 2
 1 1
# length: 5
# name: ddf
# type: matrix
# rows: 1
# columns: 5
 0.10471847417102276 0.20144828571744766 0.21288420429154953 0.22529665497521684 0.33795492981345787


# name: ddi
# type: matrix
# rows: 1
# columns: 5
 0.23507143863147689 0.28961499179562283 0.29011550271137382 0.2895655366271836 0.25113535885235821


# name: pdf
# type: matrix
# rows: 1
# columns: 5
 0.2817482836465971 0.46490754598805689 0.48598073706905015 0.50861096857276433 0.69374944537740368


# name: Ptolerance
# type: scalar
0.043703422584707441


# name: Ptypical
# type: scalar
0.41200116173080659




# name: LB
# type: scalar
-65.251836633801986


# name: UB
# type: scalar
1.5702620102487845


# name: robmed
# type: scalar
0.033264199351383361




