# Created by Octave 7.3.0, Wed Mar 22 13:39:50 2023 CET <parmar@uchp-parmar.icpf.cas.cz>
# name: coefficients
# type: matrix
# rows: 6
# columns: 1
 150.91253068503374
 150.9125306850338
 -3.3222302578779335
 -11.540928826967402
 -1.8095115759971705
 -3.3685092130354661


