# Created by Octave 7.3.0, Wed Mar 22 13:47:32 2023 CET <parmar@uchp-parmar.icpf.cas.cz>
# name: LegReg_result
# type: scalar struct
# ndims: 2
 1 1
# length: 17
# name: coef
# type: matrix
# rows: 6
# columns: 1
 150.91253068503374
 150.9125306850338
 -3.3222302578779335
 -11.540928826967402
 -1.8095115759971705
 -3.3685092130354661


# name: w
# type: matrix
# rows: 20
# columns: 1
 8.3286710583026466e-08
 0.54884266522235514
 0.95144818077436955
 0.51667646165304881
 0.98471465620479637
 0.93838430648797244
 0.95360460392115587
 0.99990371380330922
 0.9910683154349984
 0.99614634126462276
 0.999903323081622
 0.99934009685213865
 0.97047371508269609
 0.91494153170611869
 0.99979140204145511
 0.77142850041594535
 0.99926411473285559
 0.077078889351823027
 0.9579367058048941
 0.99968035998548521


# name: wx
# type: matrix
# rows: 20
# columns: 1
 1
 1
 1
 1
 1
 1
 1
 1
 1
 1
 1
 1
 1
 1
 1
 1
 1
 1
 1
 1


# name: fitY
# type: matrix
# rows: 20
# columns: 1
 292.04736516393979
 297.73507649824728
 299.40767411512377
 301.40598638666836
 303.7359918127168
 305.09048830798116
 305.83599381936182
 306.20211284971487
 306.33523886244535
 306.3420030989007
 306.33053499125515
 306.13604886829722
 305.76529654728876
 304.98308733930588
 303.34031890205927
 300.53983966880548
 299.15480742863559
 296.55890379397061
 290.15056064938437
 281.78388149618957


# name: resid
# type: matrix
# rows: 20
# columns: 1
 -3.6373651639397622
 -0.33507649824730379
 0.092325884876231612
 0.35401361333163095
 0.054008187283216103
 -0.10048830798115205
 -0.085993819361817714
 0.0078871502851143305
 -0.035238862445339691
 -0.022003098900711393
 -0.00053499125516509594
 0.013951131702754083
 0.074703452711219143
 0.12691266069413132
 0.0096810979407564446
 -0.20983966880550042
 0.015192571364423202
 -0.79890379397062361
 0.089439350615634794
 -0.0038814961895923261


# name: int
# type: scalar
1


# name: convi
# type: scalar
0.0026638441851956083


# name: Nmet
# type: scalar
1


# name: iter
# type: scalar
8


# name: method
# type: string
# elements: 1
# length: 10
wt_gnostic


# name: stdev
# type: scalar
1.007516410881371


# name: wstdev
# type: scalar
0.13814442384226966


# name: sigma
# type: scalar
0.013358717287098851


# name: wdelta
# type: scalar
0.031193090867591138


# name: robsens
# type: scalar struct
# ndims: 2
 1 1
# length: 5
# name: mat
# type: matrix
# rows: 20
# columns: 6
 4.3580348346161728e-08 4.3580348346161748e-08 9.5938986157918512e-10 -3.3327762528030965e-09 5.2254868737808135e-10 -9.7275424542263818e-10
 0.27850449077546868 0.27850449077546874 0.0053543630427918083 -0.013716617807069871 0.0011860791629346797 -0.00037176722908353719
 0.47941720459543097 0.47941720459543119 0.008691494003967239 -0.018965387459714617 0.00092539992379904337 0.0016689652984142977
 0.25839393018773327 0.25839393018773338 0.0042652148966509217 -0.0067844495278817467 -0.00021940355150726988 0.0020210938442240594
 0.48917272053230443 0.48917272053230459 0.0067335778271871783 -0.0032349656717491639 -0.0019164524858717403 0.0046119915989569433
 0.4643232579665571 0.46432325796655727 0.0051365615528575267 0.0043043918171916471 -0.0024303808309498651 0.0030363975009716172
 0.47068155045180987 0.47068155045181009 0.0039191706200574859 0.010273220796339785 -0.0024385003830710082 0.00075581836868121436
 0.492792527649068 0.49279252764906822 0.0027292187702495697 0.015265225858459613 -0.0019945693847596615 -0.0017069715830383676
 0.48829457252382918 0.48829457252382941 0.0014535536915767238 0.017646806355522134 -0.0011513653560642299 -0.0033558049761025052
 0.49076444663385177 0.49076444663385194 0.00019976233957945232 0.018746185106277714 -0.00016311315217098409 -0.004093832671582808
 0.49259929137408182 0.49259929137408204 -3.1401779904173238e-05 0.01883511702329245 2.5654945201229065e-05 -0.0041228835699686633
 0.49261127888611134 0.49261127888611156 -0.0015245867176756417 0.017719191678514424 0.001204558907416895 -0.0033271643124524195
 0.4788668725687813 0.47886687256878147 -0.0026227576742306781 0.014910341953963145 0.0019217384135274916 -0.0017063974031168395
 0.45254544911216088 0.4525454491121611 -0.003661756679934207 0.010290872015558205 0.0023180536107542094 0.00052288813946829271
 0.49738272833101699 0.49738272833101715 -0.0054962415388348949 0.0046424719581075339 0.0026047110092451385 0.0032430966541058892
 0.38763435967213039 0.38763435967213056 -0.0054077636429414452 -0.0030350714970862145 0.001461014985047598 0.003680596002525701
 0.50406617099667461 0.50406617099667483 -0.0075550935529726457 -0.0075293557232823469 0.0014037440326157122 0.0047617329506389732
 0.039329761477127786 0.0393297614771278 -0.00065180694942745311 -0.0010530467888803219 2.9516720706761753e-05 0.00030290809848673158
 0.49808659216200807 0.49808659216200823 -0.0096680123126992677 -0.025373449946029501 -0.002335672539618919 -0.0011545381698445758
 0.53539744836941983 0.53539744836942005 -0.011786387749840598 -0.040944140408508876 -0.0064196649289898237 -0.011950573151755675


# name: mean
# type: matrix
# rows: 1
# columns: 6
 0.41454323489229578 0.41454323489229594 -0.00049614454470766191 0.00059986682001238569 -0.00029943251896030277 -0.00035922227916129583


# name: median
# type: matrix
# rows: 1
# columns: 6
 0.48385588855963008 0.4838558885596303 -1.5700410257155829e-05 0.0021521942422076971 1.2827733874958222e-05 0.00015145356286624308


# name: absmean
# type: matrix
# rows: 1
# columns: 6
 0.41454323489229578 0.41454323489229594 0.0043444363151384389 0.012663515636310277 0.0016074797423400473 0.0028197711248086677


# name: absmedian
# type: matrix
# rows: 1
# columns: 6
 0.48385588855963008 0.4838558885596303 0.0040921927583542038 0.012003744911314038 0.0014323795088316551 0.0025287456725978383




# name: x
# type: matrix
# rows: 20
# columns: 5
 1 -1 1 -1 1
 1 -0.87331553282438912 0.64402002980852013 -0.35517747058675181 0.059803481095813849
 1 -0.82352425005954399 0.51728828565420137 -0.16098291247357621 -0.15596288277304565
 1 -0.74981510034723531 0.34333402706310179 0.070815003639923393 -0.3504222986529546
 1 -0.62528675115640631 0.086475281757600331 0.32673808746169625 -0.4223902063971684
 1 -0.50251338172063231 -0.12122045178754115 0.43653375308285519 -0.29297175302885803
 1 -0.37823574392338266 -0.28540658302808791 0.43207544803602094 -0.071941225137067244
 1 -0.25157634788712974 -0.40506401177566081 0.33755843982980327 0.1551849997227418
 1 -0.13522119012698533 -0.47257284461096255 0.19665056420130567 0.30789481762994547
 1 -0.01848996527647204 -0.49948718177611229 0.027719144596120016 0.37371846579520163
 1 0.0028957165958406017 -0.49998742223809484 -0.0043435141910377574 0.37496855590284839
 1 0.14058641394958191 -0.4703531903191952 -0.20393305649425605 0.3025920128173627
 1 0.24879345141839945 -0.40715272779698075 -0.33469052161731122 0.15964412829489377
 1 0.36755543855690531 -0.2973544993808615 -0.42719406474927285 -0.051764753645549333
 1 0.50196181665475781 -0.12205150193098291 -0.43674986716103498 -0.29211694785354803
 1 0.63371065398067028 0.10238378945291327 -0.31433760570173863 -0.42538624902962696
 1 0.68084439597357493 0.19532363729293323 -0.23225459089560205 -0.42321889210791031
 1 0.75282363707018662 0.3501151427973761 -0.06259083272334369 -0.34504610918960077
 1 0.88171436450929497 0.66613033087304485 0.39108489260395857 0.1038462950603154
 1 0.99999999999999989 0.99999999999999956 0.99999999999999911 0.99999999999999856


# name: y
# type: matrix
# rows: 20
# columns: 1
 288.41000000000003
 297.39999999999998
 299.5
 301.75999999999999
 303.79000000000002
 304.99000000000001
 305.75
 306.20999999999998
 306.30000000000001
 306.31999999999999
 306.32999999999998
 306.14999999999998
 305.83999999999997
 305.11000000000001
 303.35000000000002
 300.32999999999998
 299.17000000000002
 295.75999999999999
 290.24000000000001
 281.77999999999997




