# Created by Octave 7.3.0, Tue Mar 21 17:56:29 2023 CET <parmar@nirmal>
# name: LegReg_result
# type: scalar struct
# ndims: 2
 1 1
# length: 17
# name: coef
# type: matrix
# rows: 5
# columns: 1
 150.97079443858988
 150.97079443858991
 -3.5442300867002814
 -10.203502082067729
 -2.4253929943575461


# name: w
# type: matrix
# rows: 20
# columns: 1
 1.4016588958892074e-05
 0.29506413909918733
 0.95235091284150875
 0.65362720132744712
 0.42213993450448983
 0.52590107167939038
 0.77885276171833717
 0.98119928108979604
 0.95102933850396576
 0.85760340122996936
 0.85895120853379359
 0.91107523978501626
 0.99901639584671309
 0.87327331951498532
 0.6320934268637578
 0.61473992188323334
 0.53556169634832596
 0.99903312949897805
 0.8019472030079533
 0.019715718718793164


# name: wx
# type: matrix
# rows: 20
# columns: 1
 1
 1
 1
 1
 1
 1
 1
 1
 1
 1
 1
 1
 1
 1
 1
 1
 1
 1
 1
 1


# name: fitY
# type: matrix
# rows: 20
# columns: 1
 297.70770987616987
 299.3270052976689
 299.9726430297909
 300.92414244158596
 302.4829300076629
 303.90071914931917
 305.14633728012092
 306.14759295083775
 306.76578699075361
 307.03641024852038
 307.04348322400216
 306.73718584234661
 306.02594739349325
 304.70905857873493
 302.4671635263885
 299.41329152895833
 298.09884320247903
 295.85281547139823
 291.07119352189778
 285.76846371405423


# name: resid
# type: matrix
# rows: 20
# columns: 1
 -9.2977098761698471
 -1.9270052976689271
 -0.47264302979090189
 0.83585755841403397
 1.3070699923371194
 1.0892808506808365
 0.60366271987908249
 0.062407049162231942
 -0.46578699075359964
 -0.71641024852038981
 -0.71348322400217512
 -0.58718584234662785
 -0.18594739349327938
 0.40094142126508814
 0.88283647361151907
 0.91670847104165887
 1.0711567975209846
 -0.092815471398239424
 -0.83119352189777373
 -3.9884637140542623


# name: int
# type: scalar
1


# name: convi
# type: scalar
0.0027649811586158571


# name: Nmet
# type: scalar
1


# name: iter
# type: scalar
11


# name: method
# type: string
# elements: 1
# length: 10
wt_gnostic


# name: stdev
# type: scalar
2.7748864790891714


# name: wstdev
# type: scalar
0.70578430051743202


# name: sigma
# type: scalar
0.37359860914266058


# name: wdelta
# type: scalar
0.20006242892357384


# name: robsens
# type: scalar struct
# ndims: 2
 1 1
# length: 5
# name: mat
# type: matrix
# rows: 20
# columns: 5
 7.3371088743216381e-06 7.3371088743216398e-06 1.7224789813465642e-07 -4.9588535288493047e-07 1.1787294707425596e-07
 0.14978502854789141 0.14978502854789144 0.0030709203947298521 -0.0065196472448446306 0.00085467892479109471
 0.48005734188981247 0.48005734188981253 0.0092810791385325702 -0.016783482371510589 0.0012415438837416232
 0.32701026594338822 0.32701026594338828 0.0057563148025820418 -0.0075881263089626295 -0.0003720281880713198
 0.20978571143354663 0.20978571143354663 0.0030795275892260498 -0.0012260952436847989 -0.0011011965597459759
 0.26032231413339246 0.26032231413339252 0.0030710578340961618 0.0021327679784819004 -0.0018256537096316347
 0.38457569971318756 0.38457569971318767 0.0034148637032489037 0.0074182615598107661 -0.0026695041862218232
 0.483760931937885 0.48376093193788511 0.0028571271493396892 0.013243743745308619 -0.0026234267441178835
 0.4687484648003602 0.46874846480036025 0.0014880364855453391 0.014971487002933144 -0.0014808948865712953
 0.42267258682725656 0.42267258682725667 0.00018347172530300696 0.014268711149652063 -0.00018822317032970694
 0.42332303834535862 0.42332303834535873 -2.8777756084063267e-05 0.014304981513154251 2.9539444754023848e-05
 0.44927569081715718 0.44927569081715729 -0.0014828090956820648 0.014282141508738043 0.0014719387120514145
 0.49314118146140162 0.49314118146140173 -0.0028803096789340285 0.013570159026708998 0.0026515746788837182
 0.43210241161942209 0.43210241161942214 -0.003728537461605618 0.0086839541457232172 0.0029655215117271793
 0.31457935326531145 0.31457935326531145 -0.003707062133087607 0.0025949539804706262 0.0022072533020847762
 0.30901932667342064 0.30901932667342069 -0.0045973293558594589 -0.002138322268183889 0.0015605265471504302
 0.27026163976530271 0.27026163976530271 -0.0043197761479396857 -0.0035677591411768426 0.0010084117400376766
 0.50995680697501822 0.50995680697501822 -0.0090127143622244412 -0.012067035906645984 0.00051278262487496995
 0.41713963042969893 0.41713963042969898 -0.0086345227035824496 -0.018780060105253512 -0.0026208470104825661
 0.010563197238640009 0.01056319723864001 -0.000247984397274706 -0.00071392354672676444 -0.00016970106487076739


# name: mean
# type: matrix
# rows: 1
# columns: 5
 0.34080439794631634 0.3408043979463164 -0.00032186260108861867 0.0018043106794319557 7.2620686150050453e-05


# name: median
# type: matrix
# rows: 1
# columns: 5
 0.40085766507144327 0.40085766507144333 -1.4302754092964306e-05 0.0010661360465645078 1.4828658850549051e-05


# name: absmean
# type: matrix
# rows: 1
# columns: 5
 0.34080439794631634 0.3408043979463164 0.003542119708138794 0.008742805481666208 0.0013777682381543477


# name: absmedian
# type: matrix
# rows: 1
# columns: 5
 0.40085766507144327 0.40085766507144333 0.0030752927116611058 0.0081360402273429229 0.0013567412978965189




# name: x
# type: matrix
# rows: 20
# columns: 4
 1 -1 1 -1
 1 -0.87331553282438912 0.64402002980852013 -0.35517747058675181
 1 -0.82352425005954399 0.51728828565420137 -0.16098291247357621
 1 -0.74981510034723531 0.34333402706310179 0.070815003639923393
 1 -0.62528675115640631 0.086475281757600331 0.32673808746169625
 1 -0.50251338172063231 -0.12122045178754115 0.43653375308285519
 1 -0.37823574392338266 -0.28540658302808791 0.43207544803602094
 1 -0.25157634788712974 -0.40506401177566081 0.33755843982980327
 1 -0.13522119012698533 -0.47257284461096255 0.19665056420130567
 1 -0.01848996527647204 -0.49948718177611229 0.027719144596120016
 1 0.0028957165958406017 -0.49998742223809484 -0.0043435141910377574
 1 0.14058641394958191 -0.4703531903191952 -0.20393305649425605
 1 0.24879345141839945 -0.40715272779698075 -0.33469052161731122
 1 0.36755543855690531 -0.2973544993808615 -0.42719406474927285
 1 0.50196181665475781 -0.12205150193098291 -0.43674986716103498
 1 0.63371065398067028 0.10238378945291327 -0.31433760570173863
 1 0.68084439597357493 0.19532363729293323 -0.23225459089560205
 1 0.75282363707018662 0.3501151427973761 -0.06259083272334369
 1 0.88171436450929497 0.66613033087304485 0.39108489260395857
 1 0.99999999999999989 0.99999999999999956 0.99999999999999911


# name: y
# type: matrix
# rows: 20
# columns: 1
 288.41000000000003
 297.39999999999998
 299.5
 301.75999999999999
 303.79000000000002
 304.99000000000001
 305.75
 306.20999999999998
 306.30000000000001
 306.31999999999999
 306.32999999999998
 306.14999999999998
 305.83999999999997
 305.11000000000001
 303.35000000000002
 300.32999999999998
 299.17000000000002
 295.75999999999999
 290.24000000000001
 281.77999999999997




