# Created by Octave 7.3.0, Tue Mar 21 15:47:03 2023 CET <parmar@nirmal>
# name: coefficients
# type: matrix
# rows: 5
# columns: 1
 150.97079443858988
 150.97079443858991
 -3.5442300867002814
 -10.203502082067729
 -2.4253929943575461


