# Created by Octave 7.3.0, Wed Mar 22 13:06:28 2023 CET <parmar@uchp-parmar.icpf.cas.cz>
# name: rdata
# type: matrix
# rows: 20
# columns: 3
 0.050009999999999999 288.41000000000003 -9.2977098761698471
 0.10054 297.39999999999998 -1.9270052976689271
 0.12039999999999999 299.5 -0.47264302979090189
 0.14979999999999999 301.75999999999999 0.83585755841403397
 0.19947000000000001 303.79000000000002 1.3070699923371194
 0.24843999999999999 304.99000000000001 1.0892808506808365
 0.29801 305.75 0.60366271987908249
 0.34853000000000001 306.20999999999998 0.062407049162231942
 0.39494000000000001 306.30000000000001 -0.46578699075359964
 0.4415 306.31999999999999 -0.71641024852038981
 0.45002999999999999 306.32999999999998 -0.71348322400217512
 0.50495000000000001 306.14999999999998 -0.58718584234662785
 0.54810999999999999 305.83999999999997 -0.18594739349327938
 0.59548000000000001 305.11000000000001 0.40094142126508814
 0.64908999999999994 303.35000000000002 0.88283647361151907
 0.70164000000000004 300.32999999999998 0.91670847104165887
 0.72043999999999997 299.17000000000002 1.0711567975209846
 0.74914999999999998 295.75999999999999 -0.092815471398239424
 0.80056000000000005 290.24000000000001 -0.83119352189777373
 0.84774000000000005 281.77999999999997 -3.9884637140542623


