# Created by Octave 7.3.0, Wed Mar 22 13:48:41 2023 CET <parmar@uchp-parmar.icpf.cas.cz>
# name: rdata
# type: matrix
# rows: 19
# columns: 3
 0.050009999999999999 288.41000000000003 -3.6373651639397622
 0.10054 297.39999999999998 -0.33507649824730379
 0.12039999999999999 299.5 0.092325884876231612
 0.19947000000000001 303.79000000000002 0.054008187283216103
 0.24843999999999999 304.99000000000001 -0.10048830798115205
 0.29801 305.75 -0.085993819361817714
 0.34853000000000001 306.20999999999998 0.0078871502851143305
 0.39494000000000001 306.30000000000001 -0.035238862445339691
 0.4415 306.31999999999999 -0.022003098900711393
 0.45002999999999999 306.32999999999998 -0.00053499125516509594
 0.50495000000000001 306.14999999999998 0.013951131702754083
 0.54810999999999999 305.83999999999997 0.074703452711219143
 0.59548000000000001 305.11000000000001 0.12691266069413132
 0.64908999999999994 303.35000000000002 0.0096810979407564446
 0.70164000000000004 300.32999999999998 -0.20983966880550042
 0.72043999999999997 299.17000000000002 0.015192571364423202
 0.74914999999999998 295.75999999999999 -0.79890379397062361
 0.80056000000000005 290.24000000000001 0.089439350615634794
 0.84774000000000005 281.77999999999997 -0.0038814961895923261


