# Created by Octave 7.3.0, Tue Mar 21 21:35:36 2023 CET <parmar@nirmal>
# name: rdata
# type: matrix
# rows: 11
# columns: 3
 0.12039999999999999 299.5 -0.47264302979090189
 0.29801 305.75 0.60366271987908249
 0.34853000000000001 306.20999999999998 0.062407049162231942
 0.39494000000000001 306.30000000000001 -0.46578699075359964
 0.4415 306.31999999999999 -0.71641024852038981
 0.45002999999999999 306.32999999999998 -0.71348322400217512
 0.50495000000000001 306.14999999999998 -0.58718584234662785
 0.54810999999999999 305.83999999999997 -0.18594739349327938
 0.59548000000000001 305.11000000000001 0.40094142126508814
 0.74914999999999998 295.75999999999999 -0.092815471398239424
 0.80056000000000005 290.24000000000001 -0.83119352189777373


