# Created by Octave 7.3.0, Wed Mar 22 16:23:18 2023 CET <parmar@uchp-parmar.icpf.cas.cz>
# name: intv
# type: scalar struct
# ndims: 2
 1 1
# length: 6
# name: inf
# type: matrix
# rows: 1
# columns: 5
 0.11105693152555224 0.2052114859733985 0.21315660577790957 0.22145201329869066 0.40912114140579497


# name: fin
# type: matrix
# rows: 1
# columns: 5
 -0.48707636752728511 0.01273804593317851 0.050849085238758418 0.090056356563678275 0.84885882752131137


# name: EL
# type: scalar struct
# ndims: 2
 1 1
# length: 5
# name: ddf
# type: matrix
# rows: 1
# columns: 5
 0.392697029584407 0.31513867901263676 0.30806876617102075 0.30079047551144489 0.17985131277197536


# name: ddi
# type: matrix
# rows: 1
# columns: 5
 0.25511791086094138 0.31248030803181409 0.31270552861925427 0.31247878740930812 0.25822983581551551


# name: pdf
# type: matrix
# rows: 1
# columns: 5
 0.26150378527024881 0.44021300870784963 0.45208860462018868 0.46402443517066866 0.64321155109381078


# name: Ptolerance
# type: scalar
0.02381142646281903


# name: Ptypical
# type: scalar
0.38170776582356197




# name: LB
# type: scalar
-1.2339260632947346


# name: UB
# type: scalar
37.075241741145931


# name: robmed
# type: scalar
0.19184783807510786




