# Created by Octave 7.3.0, Wed Mar 22 16:20:48 2023 CET <parmar@uchp-parmar.icpf.cas.cz>
# name: LegReg_result
# type: scalar struct
# ndims: 2
 1 1
# length: 17
# name: coef
# type: matrix
# rows: 6
# columns: 1
 149.36290194034518
 149.36290194034527
 -1.1509930696209913
 -8.7414113276557721
 -2.6812284341911905
 -0.72332661202302972


# name: w
# type: matrix
# rows: 35
# columns: 1
 1
 0.0036547565854898843
 0.18736607996430987
 0.048930637419380148
 0.07866005444664681
 0.31368434774680748
 0.049244970607269803
 0.97090280260960959
 0.013846293699080353
 0.97284506348004096
 0.99855547803404809
 0.017874410091634405
 0.97479398395274708
 0.061778360885535982
 0.98684151141979759
 0.947738720787343
 0.33512770791673102
 0.81206348644991722
 0.65563928066021082
 0.66143649026928186
 0.75026550475155596
 0.73361510962220156
 0.86256273794561744
 0.71561116104643163
 0.91718262353731295
 0.94288405529003005
 0.8435239305793929
 0.96434733751853163
 0.92341812068375329
 0.96373273394837999
 0.84343732903159996
 0.99922308416397676
 0.95373423806395885
 0.9933834960769663
 0.99210799979885078


# name: wx
# type: matrix
# rows: 35
# columns: 1
 1
 1
 1
 1
 1
 1
 1
 1
 1
 1
 1
 1
 1
 1
 1
 1
 1
 1
 1
 1
 1
 1
 1
 1
 1
 1
 1
 1
 1
 1
 1
 1
 1
 1
 1


# name: fitY
# type: matrix
# rows: 35
# columns: 1
 293.09328744482383
 293.41668519573847
 294.18173814997078
 294.46112556765905
 295.08794383868315
 295.45811218296637
 296.126788365854
 296.54887193321582
 297.36689847741087
 297.74125210997835
 298.63758814121405
 298.76128338152762
 299.75755122226133
 300.4077296859835
 300.77102956910437
 301.64845760421957
 301.9948272977058
 302.39556898924769
 302.69796195105931
 302.89626826852134
 302.98286795384871
 302.95465662968445
 302.9203931699634
 302.38811602512794
 302.35766259235271
 301.33395525313028
 301.22251287792977
 299.61029033849957
 299.21964578862764
 296.3814992236567
 295.76839693922193
 291.43491089027725
 291.26699962148075
 285.71739095998339
 285.42884443719947


# name: resid
# type: matrix
# rows: 35
# columns: 1
 0.0067125551761932911
 -5.2166851957384779
 2.2182618500291937
 -3.2611255676590645
 2.9120561613168547
 -1.7581121829663857
 3.27321163414598
 -0.2488719332158098
 4.233101522589152
 -0.24125210997834756
 0.062411858785935692
 4.0387166184723924
 0.24244877773867302
 3.0922703140165027
 -0.17102956910434841
 -0.34845760421956129
 1.7051727022941918
 -0.69556898924770394
 1.0020380489406762
 -0.99626826852136219
 0.81713204615130053
 -0.85465662968442757
 0.57960683003659597
 -0.88811602512794252
 0.44233740764730101
 0.36604474686970434
 -0.62251287792975063
 0.28970966150041022
 -0.41964578862763346
 -0.2814992236566809
 0.63160306077804762
 -0.03491089027727412
 0.333000378519273
 -0.11739095998336779
 -0.12884443719946148


# name: int
# type: scalar
1


# name: convi
# type: scalar
0.0023101424591357687


# name: Nmet
# type: scalar
1


# name: iter
# type: scalar
8


# name: method
# type: string
# elements: 1
# length: 10
wt_gnostic


# name: stdev
# type: scalar
2.0230498032421531


# name: wstdev
# type: scalar
0.62028191613854911


# name: sigma
# type: scalar
0.31879257169047975


# name: wdelta
# type: scalar
0.14220171855332381


# name: robsens
# type: scalar struct
# ndims: 2
 1 1
# length: 5
# name: mat
# type: matrix
# rows: 35
# columns: 6
 0.50959707246791253 0.50959707246791286 0.0039269637312213963 -0.029823989517761076 0.0091478281616894919 -0.0024678492392460924
 0.0018941188393280929 0.001894118839328094 1.4301723336751772e-05 -0.00010421292435186066 2.9989899178061463e-05 -7.4053340997179301e-06
 0.094418155967125814 0.094418155967125869 0.00067682136040874384 -0.0044094762085973164 0.0010457948611277783 -0.00018562241194425801
 0.025097603017683594 0.025097603017683604 0.00017627095944077674 -0.0010957895169482206 0.0002368121201686838 -3.3891873942945699e-05
 0.03942581878837826 0.039425818788378281 0.00026365501383506597 -0.001452831471139104 0.00023507299190737233 -6.145759346867157e-06
 0.15952606221561982 0.15952606221561993 0.001033974482392914 -0.0052392610624805817 0.00064702604361553835 6.822397250133383e-05
 0.024567039799161059 0.024567039799161073 0.00014973815979325828 -0.00063032983891547409 2.2327412318668416e-05 3.0781158467011447e-05
 0.4894257850144631 0.48942578501446338 0.0028587099219412604 -0.010362715014353256 -0.00042416907921961482 0.00079489935255119143
 0.0068571704509713454 0.0068571704509713498 3.6509439256653673e-05 -8.6709346751442202e-05 -2.6072462941563716e-05 1.3885754643660454e-05
 0.48842676241922101 0.48842676241922128 0.0024794671383480656 -0.0043149709220528278 -0.0023974569992577252 0.0010134100942974472
 0.49932087026312033 0.49932087026312061 0.0022222500750691846 -9.6840122944153611e-06 -0.0034482824287199814 0.00094081074189783487
 0.0088169542990697014 0.0088169542990697083 3.8443966749725423e-05 1.0200789430606663e-05 -6.2653887237971526e-05 1.6103500766390199e-05
 0.48532686079057524 0.48532686079057558 0.0017430614290203689 0.0049471163966982087 -0.0038856596419086053 0.00054795215459845046
 0.030403279271767929 0.030403279271767947 9.2463695026760373e-05 0.00047395895961347605 -0.00023921863818204204 1.5157167667304314e-05
 0.49034435096758899 0.49034435096758927 0.0013295653019679847 0.0090190927570681766 -0.0036871492060327679 5.2774611896838835e-05
 0.4698207952805446 0.46982079528054488 0.00085355320459132159 0.011455602516424015 -0.0027062251247973483 -0.00040972747228217575
 0.16481938417866099 0.16481938417866107 0.00023124215268801508 0.0043433798305132741 -0.0007633747545282998 -0.00020393631372248288
 0.40202903180627719 0.40202903180627741 0.00033859773037139704 0.011342723089566482 -0.0011595859923070237 -0.00064410059326802595
 0.32245039705462469 0.32245039705462486 9.6845892890384539e-05 0.0093926479479412451 -0.00033754574943146054 -0.00057669995203478365
 0.3272410521227454 0.32724105212274562 -6.9417889882413217e-05 0.0095540644313594041 0.00024225621276921205 -0.00058978010608494262
 0.36886712644973746 0.36886712644973763 -0.00022234844845362822 0.010595771167308954 0.00076901493686119154 -0.00062917786108914982
 0.36271063118323887 0.36271063118323904 -0.00051650226817682012 0.0095264437369105386 0.0017020655578993706 -0.00044272442805856768
 0.42449711250466854 0.42449711250466882 -0.00066065572456449598 0.01090176437725921 0.0021515536268641015 -0.00047142200966544904
 0.35451329908721302 0.35451329908721324 -0.00089052469129036107 0.0070669185433581694 0.0025606251901081865 -4.4510100897775424e-05
 0.45242093216906271 0.45242093216906298 -0.0011526189226566245 0.0088977964905255606 0.0032938330239058191 -3.8093479888323912e-05
 0.46679449350811991 0.46679449350812019 -0.0015990496158706379 0.0055616685228463509 0.0037472138346616619 0.00044125888201632845
 0.41913234240673447 0.41913234240673475 -0.0014665890079824558 0.00467838509436225 0.0033635903903223036 0.00043071394533454366
 0.48028581797336917 0.48028581797336944 -0.0020881051397399204 0.0006335813511005818 0.0034255520881210262 0.00087309361001955887
 0.46159441167879944 0.46159441167879972 -0.0020834314319803306 -0.00039437819762451644 0.0031174698993216006 0.00088651967185710923
 0.48613954014668237 0.48613954014668265 -0.0026649171224696865 -0.0073705908031322011 0.001458222598142816 0.00094714977753990626
 0.42502782411934387 0.42502782411934414 -0.0024031156478353777 -0.0076490987015831831 0.00086297147905872566 0.0007736308205228906
 0.5121717897615421 0.51217178976154232 -0.0034121733501777719 -0.018618650448438055 -0.0029296796821236155 -4.0280939954381237e-05
 0.48852027941391257 0.48852027941391285 -0.0032710197293928669 -0.018083048426658022 -0.0029524868426187008 -8.8907954093292091e-05
 0.51951905361940187 0.5195190536194022 -0.0039805085753219652 -0.029884088777877772 -0.0090079562917359524 -0.002373744343806545
 0.51939758110125389 0.51939758110125422 -0.0040024866178900147 -0.030397560840166812 -0.0093237580751813192 -0.0025153106142847847


