# Created by Octave 7.3.0, Wed Mar 22 16:20:48 2023 CET <parmar@uchp-parmar.icpf.cas.cz>
# name: coefficients
# type: matrix
# rows: 6
# columns: 1
 149.36290194034518
 149.36290194034527
 -1.1509930696209913
 -8.7414113276557721
 -2.6812284341911905
 -0.72332661202302972


