# Created by Octave 7.3.0, Wed Mar 22 16:23:18 2023 CET <parmar@uchp-parmar.icpf.cas.cz>
# name: rdata
# type: matrix
# rows: 32
# columns: 4
 1 0.079399999999999998 293.10000000000002 0.0067125551761932911
 2 0.105 296.39999999999998 2.2182618500291937
 3 0.12790000000000001 298 2.9120561613168547
 4 0.15609999999999999 299.39999999999998 3.27321163414598
 5 0.16819999999999999 296.30000000000001 -0.2488719332158098
 6 0.1928 301.60000000000002 4.233101522589152
 7 0.2046 297.5 -0.24125210997834756
 8 0.2344 298.69999999999999 0.062411858785935692
 9 0.2387 302.80000000000001 4.0387166184723924
 10 0.27529999999999999 300 0.24244877773867302
 11 0.30149999999999999 303.5 3.0922703140165027
 12 0.31719999999999998 300.60000000000002 -0.17102956910434841
 13 0.35980000000000001 301.30000000000001 -0.34845760421956129
 14 0.3795 303.69999999999999 1.7051727022941918
 15 0.40620000000000001 301.69999999999999 -0.69556898924770394
 16 0.432 303.69999999999999 1.0020380489406762
 17 0.45639999999999997 301.89999999999998 -0.99626826852136219
 18 0.47499999999999998 303.80000000000001 0.81713204615130053
 19 0.5141 302.10000000000002 -0.85465662968442757
 20 0.52039999999999997 303.5 0.57960683003659597
 21 0.56589999999999996 301.5 -0.88811602512794252
 22 0.56759999999999999 302.80000000000001 0.44233740764730101
 23 0.60940000000000005 301.69999999999999 0.36604474686970434
 24 0.6129 300.60000000000002 -0.62251287792975063
 25 0.65329999999999999 299.89999999999998 0.28970966150041022
 26 0.66120000000000001 298.80000000000001 -0.41964578862763346
 27 0.70730000000000004 296.10000000000002 -0.2814992236566809
 28 0.71550000000000002 296.39999999999998 0.63160306077804762
 29 0.76349999999999996 291.39999999999998 -0.03491089027727412
 30 0.7651 291.60000000000002 0.333000378519273
 31 0.81110000000000004 285.60000000000002 -0.11739095998336779
 32 0.81320000000000003 285.30000000000001 -0.12884443719946148


