# Created by Octave 7.3.0, Wed Mar 22 16:16:22 2023 CET <parmar@uchp-parmar.icpf.cas.cz>
# name: LegReg_result
# type: scalar struct
# ndims: 2
 1 1
# length: 17
# name: coef
# type: matrix
# rows: 6
# columns: 1
 149.18918053271381
 149.18918053271375
 0.23237655377999999
 -10.646949215554244
 -0.62595848325683079
 -2.1232677797352295


# name: w
# type: matrix
# rows: 36
# columns: 1
 0.41269070703125571
 0.00085533336676942798
 0.99037847136416468
 0.00051039113260061258
 0.99366049234720555
 0.0013280269172360212
 0.97312550867633119
 0.0051370757750305888
 0.86716626779229644
 0.006644838480907295
 0.90075209850456384
 0.82529705154201982
 0.027617764919743149
 0.77063495226506373
 0.15520944600572298
 0.54035363200751663
 0.544043315333541
 0.56266807176826827
 0.50874246394142031
 0.77891984446568752
 0.49969577017487127
 0.76499824323091026
 0.68623639304866035
 0.82741612591408964
 0.67231709917381188
 0.89396575117042687
 0.95809213654747249
 0.75922052493375347
 0.99901400423599207
 0.77229021610889448
 0.76936111299358467
 0.97892423592777411
 0.90922748191892855
 0.99899108040303031
 0.99586889106703214
 0.99743115928948833


# name: wx
# type: matrix
# rows: 36
# columns: 1
 1
 1
 1
 1
 1
 1
 1
 1
 1
 1
 1
 1
 1
 1
 1
 1
 1
 1
 1
 1
 1
 1
 1
 1
 1
 1
 1
 1
 1
 1
 1
 1
 1
 1
 1
 1


# name: fitY
# type: matrix
# rows: 36
# columns: 1
 286.00172599961491
 287.27003982296452
 288.17572179970944
 290.22369162792751
 290.93700134921772
 292.46682693930239
 293.32302636605345
 294.77776489593384
 295.63376909402774
 297.15321203014963
 297.78691109458043
 299.1487018541705
 299.31970755158324
 300.55355826667369
 301.22819030343862
 301.56336331468003
 302.25778907768984
 302.48871512370295
 302.72351885361297
 302.87089927819602
 302.93970412591693
 302.94428642117572
 302.80318009364845
 302.75899415829548
 302.22432904575976
 302.19604394202617
 301.26820313434808
 301.16788715913538
 299.70216325046096
 299.34131790589538
 296.64489524682944
 296.04568636826906
 291.66007717719401
 291.48527540799586
 285.53262108301681
 285.21456214066126


# name: resid
# type: matrix
# rows: 36
# columns: 1
 -1.2017259996148937
 5.8299601770355025
 0.024278200290552832
 6.1763083720724694
 0.26299865078226503
 5.5331730606976066
 0.37697363394653394
 4.6222351040661351
 0.66623090597227019
 4.4467879698503907
 -0.28691109458043229
 -0.44870185417050834
 3.4802924484167761
 -0.55355826667369001
 2.2718096965613768
 -0.96336331468000935
 -0.95778907768982435
 1.211284876297043
 -1.023518853612984
 0.8291007218039681
 -1.0397041259169555
 0.85571357882429311
 -0.70318009364842737
 0.74100584170452066
 -0.72432904575975954
 0.60395605797384633
 0.43179686565190423
 -0.5678871591353527
 0.19783674953902164
 -0.54131790589536877
 -0.54489524682941237
 0.35431363173091768
 -0.26007717719403445
 0.11472459200416552
 0.067378916983216186
 0.085437859338753697


# name: int
# type: scalar
1


# name: convi
# type: scalar
0.0028622870310034856


# name: Nmet
# type: scalar
1


# name: iter
# type: scalar
11


# name: method
# type: string
# elements: 1
# length: 10
wt_gnostic


# name: stdev
# type: scalar
2.4083448669073473


# name: wstdev
# type: scalar
0.56935123626175144


# name: sigma
# type: scalar
0.27013402519398727


# name: wdelta
# type: scalar
0.13356005554812381


# name: robsens
# type: scalar struct
# ndims: 2
 1 1
# length: 5
# name: mat
# type: matrix
# rows: 36
# columns: 6
 0.21618324577057343 0.21618324577057332 -0.0003367262790623413 -0.015428009127433124 0.00090704792495601805 -0.0030767306223160686
 0.00043536842057529209 0.00043536842057529187 -6.6025407097011646e-07 -2.8645758552218279e-05 1.5472354620387161e-06 -4.6578649660159345e-06
 0.51267783678022727 0.51267783678022705 -0.00076160338777881494 -0.031627157524745708 0.0015879881571945538 -0.0042598597216372859
 0.00025689890291447055 0.00025689890291447044 -3.6204606328587394e-07 -1.3346212291838355e-05 5.33074105498405e-07 -8.6689054858352018e-07
 0.50907759128094965 0.50907759128094943 -0.00070272433351083511 -0.02463585344209137 0.00087739046463856951 -0.00093093205490754095
 0.00066485653526116831 0.00066485653526116798 -8.7319467784241495e-07 -2.6877613624897043e-05 6.5259269998469326e-07 7.5366378512537602e-07
 0.49431323525673182 0.49431323525673165 -0.00062891597103143578 -0.017667859612274541 0.0002847093985293416 0.001262065671131586
 0.0025597732972988283 0.0025597732972988275 -3.0594888076799716e-06 -7.0009015893877238e-05 -2.302857114828431e-07 1.1520115202705941e-05
 0.4366244511560734 0.43662445115607323 -0.00049972875561729558 -0.0096565937760498925 -0.00020213374283385621 0.0023259973597137321
 0.00328692973388197 0.0032869297338819687 -3.4232383369137836e-06 -4.0022229343519508e-05 -3.5253303248699632e-06 1.9978366127116822e-05
 0.45170577290426278 0.45170577290426267 -0.00044810824190712976 -0.003496509397771656 -0.00058650945273059306 0.0027403714540866963
 0.41220418753136528 0.41220418753136512 -0.00035746072976803759 0.0010308521373024171 -0.00069817144105487885 0.0021532031390850588
 0.013607238165527115 0.01360723816552711 -1.155498344859969e-05 5.2593083038414099e-05 -2.3560214679785852e-05 6.8380391056524354e-05
 0.38323465672763957 0.38323465672763946 -0.00026667358637963825 0.0054871055860262839 -0.00071909664416431392 0.0010862746156825121
 0.076295123757925215 0.076295123757925173 -4.4715705695965166e-05 0.0015660583021558092 -0.00013804234296820527 7.4098155874451361e-05
 0.26818002513997669 0.26818002513997657 -0.00013953836044683897 0.0063658520837556474 -0.00045895656919903014 -4.2049325315074903e-05
 0.26938392429111113 0.26938392429111108 -9.2088929995295024e-05 0.0082233168007840775 -0.00034222149439764243 -0.00078410469239186703
 0.27640430865666826 0.27640430865666815 -7.1677203095726622e-05 0.0090427183428331889 -0.00027623858288224556 -0.0010795078836425321
 0.25157067052573484 0.25157067052573473 -3.7097809229279669e-05 0.0087353414184651278 -0.00014765765430234807 -0.0012235515519646786
 0.38263553933653216 0.38263553933653199 -1.5068108939018998e-05 0.013627291955587702 -6.081914606599721e-05 -0.0020290893698426131
 0.24693342983786801 0.2469334298378679 1.5517320865780727e-05 0.0087682293498112032 6.2528999790692166e-05 -0.0012964782751612388
 0.37567301190449365 0.37567301190449354 5.2880416479724624e-05 0.01307659741101614 0.00021075957495048992 -0.0018427888314429498
 0.33889124505347545 0.33889124505347534 0.00010321441443436593 0.010705517113943004 0.00039047120600355355 -0.0011479884019765674
 0.40672663520486257 0.40672663520486235 0.00013460937194689581 0.012547409958115383 0.00050297446565442799 -0.0012423036383794304
 0.33267806661317506 0.33267806661317489 0.00017351583443634799 0.0078776359576490235 0.00057008142744153698 -4.508052946959702e-05
 0.44045580528873152 0.44045580528873141 0.00023286664498157756 0.010284387244904424 0.00076024198548023457 -6.4333241479207726e-06
 0.47377189501609007 0.47377189501608985 0.00033344496850905617 0.0065505116123265863 0.00088883684719848221 0.0014043194725189569
 0.37680468382729032 0.37680468382729021 0.00027072353346069126 0.0048630895697176438 0.0007059740548166748 0.001205673471350471
 0.4969725929732336 0.49697259297323337 0.00044117306388397374 0.00045289410840324153 0.00081755812150156751 0.0026981677095010742
 0.3856002157788434 0.38560021577884329 0.0003550671948907313 -0.00066697291246603724 0.00059899923049987409 0.0022018025594598423
 0.38764050652228815 0.38764050652228804 0.00043181038464027642 -0.0073918831520120628 0.00025744819106720456 0.0021985340949368976
 0.49272909771146295 0.49272909771146278 0.00056579986339343061 -0.011085378272423015 0.00021528159643603045 0.0026001409570473076
 0.46550069644923753 0.46550069644923731 0.00062814029288510106 -0.020788856606430799 -0.00063671654130346012 -0.00016498424369272368
 0.51110651798634599 0.51110651798634577 0.00069310608489612092 -0.023234541397786832 -0.00073745863216725526 -0.000336096069442384
