# Created by Octave 7.3.0, Wed Mar 22 16:16:22 2023 CET <parmar@uchp-parmar.icpf.cas.cz>
# name: coefficients
# type: matrix
# rows: 6
# columns: 1
 149.18918053271381
 149.18918053271375
 0.23237655377999999
 -10.646949215554244
 -0.62595848325683079
 -2.1232677797352295


