# Created by Octave 7.3.0, Wed Mar 22 16:17:15 2023 CET <parmar@uchp-parmar.icpf.cas.cz>
# name: rdata
# type: matrix
# rows: 36
# columns: 4
 1 0.069599999999999995 284.80000000000001 -1.2017259996148937
 2 0.079399999999999998 293.10000000000002 5.8299601770355025
 3 0.086800000000000002 288.19999999999999 0.024278200290552832
 4 0.105 296.39999999999998 6.1763083720724694
 5 0.1119 291.19999999999999 0.26299865078226503
 6 0.12790000000000001 298 5.5331730606976066
 7 0.13769999999999999 293.69999999999999 0.37697363394653394
 8 0.15609999999999999 299.39999999999998 4.6222351040661351
 9 0.16819999999999999 296.30000000000001 0.66623090597227019
 10 0.1928 301.60000000000002 4.4467879698503907
 11 0.2046 297.5 -0.28691109458043229
 12 0.2344 298.69999999999999 -0.44870185417050834
 13 0.2387 302.80000000000001 3.4802924484167761
 14 0.27529999999999999 300 -0.55355826667369001
 15 0.30149999999999999 303.5 2.2718096965613768
 16 0.31719999999999998 300.60000000000002 -0.96336331468000935
 17 0.35980000000000001 301.30000000000001 -0.95778907768982435
 18 0.3795 303.69999999999999 1.211284876297043
 19 0.40620000000000001 301.69999999999999 -1.023518853612984
 20 0.432 303.69999999999999 0.8291007218039681
 21 0.45639999999999997 301.89999999999998 -1.0397041259169555
 22 0.47499999999999998 303.80000000000001 0.85571357882429311
 23 0.5141 302.10000000000002 -0.70318009364842737
 24 0.52039999999999997 303.5 0.74100584170452066
 25 0.56589999999999996 301.5 -0.72432904575975954
 26 0.56759999999999999 302.80000000000001 0.60395605797384633
 27 0.60940000000000005 301.69999999999999 0.43179686565190423
 28 0.6129 300.60000000000002 -0.5678871591353527
 29 0.65329999999999999 299.89999999999998 0.19783674953902164
 30 0.66120000000000001 298.80000000000001 -0.54131790589536877
 31 0.70730000000000004 296.10000000000002 -0.54489524682941237
 32 0.71550000000000002 296.39999999999998 0.35431363173091768
 33 0.76349999999999996 291.39999999999998 -0.26007717719403445
 34 0.7651 291.60000000000002 0.11472459200416552
 35 0.81110000000000004 285.60000000000002 0.067378916983216186
 36 0.81320000000000003 285.30000000000001 0.085437859338753697


